,forecast_eur_mwh
2026-01-08 00:00:00+00:00,81.27709197998047
2026-01-08 01:00:00+00:00,78.67069244384766
2026-01-08 02:00:00+00:00,77.06232452392578
2026-01-08 03:00:00+00:00,77.21533966064453
2026-01-08 04:00:00+00:00,79.1308822631836
2026-01-08 05:00:00+00:00,83.5342788696289
2026-01-08 06:00:00+00:00,88.88259887695312
2026-01-08 07:00:00+00:00,96.77178955078125
2026-01-08 08:00:00+00:00,99.68637084960938
2026-01-08 09:00:00+00:00,98.00320434570312
2026-01-08 10:00:00+00:00,92.80931854248047
2026-01-08 11:00:00+00:00,89.81016540527344
2026-01-08 12:00:00+00:00,88.5198974609375
2026-01-08 13:00:00+00:00,89.5895767211914
2026-01-08 14:00:00+00:00,93.41950225830078
2026-01-08 15:00:00+00:00,99.6806640625
2026-01-08 16:00:00+00:00,106.38238525390625
2026-01-08 17:00:00+00:00,107.45359802246094
2026-01-08 18:00:00+00:00,102.75178527832031
2026-01-08 19:00:00+00:00,96.52550506591797
2026-01-08 20:00:00+00:00,90.92655181884766
2026-01-08 21:00:00+00:00,87.05313873291016
2026-01-08 22:00:00+00:00,83.0260238647461
2026-01-08 23:00:00+00:00,80.09770202636719
2026-01-09 00:00:00+00:00,76.8953857421875
2026-01-09 01:00:00+00:00,75.74658966064453
2026-01-09 02:00:00+00:00,74.0195083618164
2026-01-09 03:00:00+00:00,75.15428161621094
2026-01-09 04:00:00+00:00,77.09978485107422
2026-01-09 05:00:00+00:00,81.6376953125
2026-01-09 06:00:00+00:00,91.95086669921875
2026-01-09 07:00:00+00:00,107.260986328125
2026-01-09 08:00:00+00:00,110.9224624633789
2026-01-09 09:00:00+00:00,109.98965454101562
2026-01-09 10:00:00+00:00,104.98108673095703
2026-01-09 11:00:00+00:00,103.10966491699219
2026-01-09 12:00:00+00:00,102.8919448852539
2026-01-09 13:00:00+00:00,105.03639221191406
2026-01-09 14:00:00+00:00,109.54204559326172
2026-01-09 15:00:00+00:00,114.28652954101562
2026-01-09 16:00:00+00:00,118.34209442138672
2026-01-09 17:00:00+00:00,112.57205200195312
2026-01-09 18:00:00+00:00,101.24437713623047
2026-01-09 19:00:00+00:00,91.7103271484375
2026-01-09 20:00:00+00:00,86.5186538696289
2026-01-09 21:00:00+00:00,83.72911834716797
2026-01-09 22:00:00+00:00,79.99803161621094
2026-01-09 23:00:00+00:00,78.13916778564453
2026-01-10 00:00:00+00:00,69.96044158935547
2026-01-10 01:00:00+00:00,67.94538879394531
2026-01-10 02:00:00+00:00,66.75680541992188
2026-01-10 03:00:00+00:00,65.16837310791016
2026-01-10 04:00:00+00:00,65.55145263671875
2026-01-10 05:00:00+00:00,66.41433715820312
2026-01-10 06:00:00+00:00,68.46598815917969
2026-01-10 07:00:00+00:00,72.55851745605469
2026-01-10 08:00:00+00:00,74.95966339111328
2026-01-10 09:00:00+00:00,75.60610961914062
2026-01-10 10:00:00+00:00,74.31565856933594
2026-01-10 11:00:00+00:00,73.34555053710938
2026-01-10 12:00:00+00:00,72.8725814819336
2026-01-10 13:00:00+00:00,73.44741821289062
2026-01-10 14:00:00+00:00,75.7531509399414
2026-01-10 15:00:00+00:00,79.10033416748047
2026-01-10 16:00:00+00:00,82.31733703613281
2026-01-10 17:00:00+00:00,82.67022705078125
2026-01-10 18:00:00+00:00,80.4286117553711
2026-01-10 19:00:00+00:00,77.5875015258789
2026-01-10 20:00:00+00:00,75.41554260253906
2026-01-10 21:00:00+00:00,73.81517028808594
2026-01-10 22:00:00+00:00,72.55790710449219
2026-01-10 23:00:00+00:00,71.49625396728516
2026-01-11 00:00:00+00:00,94.05258178710938
2026-01-11 01:00:00+00:00,91.19630432128906
2026-01-11 02:00:00+00:00,89.65116119384766
2026-01-11 03:00:00+00:00,89.01354217529297
2026-01-11 04:00:00+00:00,90.05052947998047
2026-01-11 05:00:00+00:00,93.406982421875
2026-01-11 06:00:00+00:00,99.5322265625
2026-01-11 07:00:00+00:00,109.26495361328125
2026-01-11 08:00:00+00:00,114.06643676757812
2026-01-11 09:00:00+00:00,115.93921661376953
2026-01-11 10:00:00+00:00,114.52621459960938
2026-01-11 11:00:00+00:00,112.5290756225586
2026-01-11 12:00:00+00:00,112.12237548828125
2026-01-11 13:00:00+00:00,115.01638793945312
2026-01-11 14:00:00+00:00,119.78072357177734
2026-01-11 15:00:00+00:00,127.6895980834961
2026-01-11 16:00:00+00:00,141.83334350585938
2026-01-11 17:00:00+00:00,144.13755798339844
2026-01-11 18:00:00+00:00,135.20037841796875
2026-01-11 19:00:00+00:00,121.65885925292969
2026-01-11 20:00:00+00:00,111.50776672363281
2026-01-11 21:00:00+00:00,105.22077178955078
2026-01-11 22:00:00+00:00,99.35228729248047
2026-01-11 23:00:00+00:00,96.7769546508789
2026-01-12 00:00:00+00:00,78.89248657226562
2026-01-12 01:00:00+00:00,76.23272705078125
2026-01-12 02:00:00+00:00,74.43536376953125
2026-01-12 03:00:00+00:00,73.72528076171875
2026-01-12 04:00:00+00:00,76.28060913085938
2026-01-12 05:00:00+00:00,83.67111206054688
2026-01-12 06:00:00+00:00,96.06155395507812
2026-01-12 07:00:00+00:00,107.5953598022461
2026-01-12 08:00:00+00:00,108.91804504394531
2026-01-12 09:00:00+00:00,104.36043548583984
2026-01-12 10:00:00+00:00,98.36067962646484
2026-01-12 11:00:00+00:00,95.2391357421875
2026-01-12 12:00:00+00:00,95.0417709350586
2026-01-12 13:00:00+00:00,96.61097717285156
2026-01-12 14:00:00+00:00,100.20831298828125
2026-01-12 15:00:00+00:00,106.53556060791016
2026-01-12 16:00:00+00:00,118.02272033691406
2026-01-12 17:00:00+00:00,116.50131225585938
2026-01-12 18:00:00+00:00,107.53355407714844
2026-01-12 19:00:00+00:00,97.37985229492188
2026-01-12 20:00:00+00:00,91.03826904296875
2026-01-12 21:00:00+00:00,86.14798736572266
2026-01-12 22:00:00+00:00,81.65363311767578
2026-01-12 23:00:00+00:00,78.90361785888672
2026-01-13 00:00:00+00:00,80.37037658691406
2026-01-13 01:00:00+00:00,77.89022064208984
2026-01-13 02:00:00+00:00,75.81819915771484
2026-01-13 03:00:00+00:00,75.88839721679688
2026-01-13 04:00:00+00:00,79.0047836303711
2026-01-13 05:00:00+00:00,86.40408325195312
2026-01-13 06:00:00+00:00,96.94352722167969
2026-01-13 07:00:00+00:00,109.88036346435547
2026-01-13 08:00:00+00:00,113.83171081542969
2026-01-13 09:00:00+00:00,112.651611328125
2026-01-13 10:00:00+00:00,109.78408813476562
2026-01-13 11:00:00+00:00,107.75372314453125
2026-01-13 12:00:00+00:00,108.04469299316406
2026-01-13 13:00:00+00:00,109.08307647705078
2026-01-13 14:00:00+00:00,110.88520812988281
2026-01-13 15:00:00+00:00,113.57012939453125
2026-01-13 16:00:00+00:00,118.07755279541016
2026-01-13 17:00:00+00:00,114.72905731201172
2026-01-13 18:00:00+00:00,104.90801239013672
2026-01-13 19:00:00+00:00,95.42399597167969
2026-01-13 20:00:00+00:00,92.32417297363281
2026-01-13 21:00:00+00:00,89.95733642578125
2026-01-13 22:00:00+00:00,86.12039184570312
2026-01-13 23:00:00+00:00,83.89913177490234
2026-01-14 00:00:00+00:00,83.84121704101562
2026-01-14 01:00:00+00:00,83.50557708740234
2026-01-14 02:00:00+00:00,83.21832275390625
2026-01-14 03:00:00+00:00,83.69697570800781
2026-01-14 04:00:00+00:00,86.72286987304688
2026-01-14 05:00:00+00:00,94.8860855102539
2026-01-14 06:00:00+00:00,110.43390655517578
2026-01-14 07:00:00+00:00,125.8606948852539
2026-01-14 08:00:00+00:00,133.2424774169922
2026-01-14 09:00:00+00:00,133.19781494140625
2026-01-14 10:00:00+00:00,125.8272933959961
2026-01-14 11:00:00+00:00,120.63876342773438
2026-01-14 12:00:00+00:00,118.65399932861328
2026-01-14 13:00:00+00:00,120.67549133300781
2026-01-14 14:00:00+00:00,122.29551696777344
2026-01-14 15:00:00+00:00,122.3619384765625
2026-01-14 16:00:00+00:00,122.72016906738281
2026-01-14 17:00:00+00:00,115.3568115234375
2026-01-14 18:00:00+00:00,101.22041320800781
2026-01-14 19:00:00+00:00,93.37901306152344
2026-01-14 20:00:00+00:00,92.42906951904297
2026-01-14 21:00:00+00:00,90.41043853759766
2026-01-14 22:00:00+00:00,85.84654235839844
2026-01-14 23:00:00+00:00,84.21121215820312
2026-01-15 00:00:00+00:00,99.00004577636719
2026-01-15 01:00:00+00:00,97.1072769165039
2026-01-15 02:00:00+00:00,96.66866302490234
2026-01-15 03:00:00+00:00,98.25537872314453
2026-01-15 04:00:00+00:00,101.34001159667969
2026-01-15 05:00:00+00:00,113.50129699707031
2026-01-15 06:00:00+00:00,134.5139617919922
2026-01-15 07:00:00+00:00,161.94110107421875
2026-01-15 08:00:00+00:00,164.4854736328125
2026-01-15 09:00:00+00:00,158.2032470703125
2026-01-15 10:00:00+00:00,145.1092987060547
2026-01-15 11:00:00+00:00,137.57693481445312
2026-01-15 12:00:00+00:00,136.86427307128906
2026-01-15 13:00:00+00:00,145.72152709960938
2026-01-15 14:00:00+00:00,157.44955444335938
2026-01-15 15:00:00+00:00,168.4073028564453
2026-01-15 16:00:00+00:00,191.62185668945312
2026-01-15 17:00:00+00:00,183.9441375732422
2026-01-15 18:00:00+00:00,156.958740234375
2026-01-15 19:00:00+00:00,130.06568908691406
2026-01-15 20:00:00+00:00,118.00508880615234
2026-01-15 21:00:00+00:00,111.37913513183594
2026-01-15 22:00:00+00:00,99.97571563720703
2026-01-15 23:00:00+00:00,98.56277465820312
2026-01-16 00:00:00+00:00,78.32591247558594
2026-01-16 01:00:00+00:00,76.94635009765625
2026-01-16 02:00:00+00:00,75.7154312133789
2026-01-16 03:00:00+00:00,75.76702117919922
2026-01-16 04:00:00+00:00,78.09684753417969
2026-01-16 05:00:00+00:00,84.4345703125
2026-01-16 06:00:00+00:00,94.74205017089844
2026-01-16 07:00:00+00:00,107.56298828125
2026-01-16 08:00:00+00:00,110.80719757080078
2026-01-16 09:00:00+00:00,106.40385437011719
2026-01-16 10:00:00+00:00,100.28062438964844
2026-01-16 11:00:00+00:00,97.80181121826172
2026-01-16 12:00:00+00:00,98.83982849121094
2026-01-16 13:00:00+00:00,103.37991333007812
2026-01-16 14:00:00+00:00,110.38013458251953
2026-01-16 15:00:00+00:00,115.923095703125
2026-01-16 16:00:00+00:00,118.18133544921875
2026-01-16 17:00:00+00:00,112.76542663574219
2026-01-16 18:00:00+00:00,104.70329284667969
2026-01-16 19:00:00+00:00,97.54129791259766
2026-01-16 20:00:00+00:00,92.71345520019531
2026-01-16 21:00:00+00:00,89.34608459472656
2026-01-16 22:00:00+00:00,85.19400024414062
2026-01-16 23:00:00+00:00,83.35472106933594
2026-01-17 00:00:00+00:00,98.78705596923828
2026-01-17 01:00:00+00:00,94.6861343383789
2026-01-17 02:00:00+00:00,92.01374053955078
2026-01-17 03:00:00+00:00,90.37885284423828
2026-01-17 04:00:00+00:00,91.23351287841797
2026-01-17 05:00:00+00:00,94.41989135742188
2026-01-17 06:00:00+00:00,100.98001098632812
2026-01-17 07:00:00+00:00,111.03959655761719
2026-01-17 08:00:00+00:00,115.8198013305664
2026-01-17 09:00:00+00:00,117.27759552001953
2026-01-17 10:00:00+00:00,114.902099609375
2026-01-17 11:00:00+00:00,113.08279418945312
2026-01-17 12:00:00+00:00,114.39913177490234
2026-01-17 13:00:00+00:00,118.92832946777344
2026-01-17 14:00:00+00:00,127.31431579589844
2026-01-17 15:00:00+00:00,137.064453125
2026-01-17 16:00:00+00:00,155.06442260742188
2026-01-17 17:00:00+00:00,150.2494354248047
2026-01-17 18:00:00+00:00,139.72535705566406
2026-01-17 19:00:00+00:00,125.41755676269531
2026-01-17 20:00:00+00:00,115.98284912109375
2026-01-17 21:00:00+00:00,110.25814056396484
2026-01-17 22:00:00+00:00,103.13589477539062
2026-01-17 23:00:00+00:00,100.74394226074219
2026-01-18 00:00:00+00:00,108.37358093261719
2026-01-18 01:00:00+00:00,105.217529296875
2026-01-18 02:00:00+00:00,101.30390930175781
2026-01-18 03:00:00+00:00,98.61446380615234
2026-01-18 04:00:00+00:00,97.17219543457031
2026-01-18 05:00:00+00:00,97.4347915649414
2026-01-18 06:00:00+00:00,100.65760803222656
2026-01-18 07:00:00+00:00,107.53164672851562
2026-01-18 08:00:00+00:00,115.59899139404297
2026-01-18 09:00:00+00:00,116.22943115234375
2026-01-18 10:00:00+00:00,113.23145294189453
2026-01-18 11:00:00+00:00,110.58821868896484
2026-01-18 12:00:00+00:00,109.5811538696289
2026-01-18 13:00:00+00:00,112.07317352294922
2026-01-18 14:00:00+00:00,117.87617492675781
2026-01-18 15:00:00+00:00,127.41163635253906
2026-01-18 16:00:00+00:00,137.58285522460938
2026-01-18 17:00:00+00:00,136.19113159179688
2026-01-18 18:00:00+00:00,128.68626403808594
2026-01-18 19:00:00+00:00,117.43415832519531
2026-01-18 20:00:00+00:00,110.47449493408203
2026-01-18 21:00:00+00:00,105.3216781616211
2026-01-18 22:00:00+00:00,100.8961181640625
2026-01-18 23:00:00+00:00,98.57888793945312
2026-01-19 00:00:00+00:00,97.32176208496094
2026-01-19 01:00:00+00:00,95.0025634765625
2026-01-19 02:00:00+00:00,93.29270935058594
2026-01-19 03:00:00+00:00,92.68744659423828
2026-01-19 04:00:00+00:00,95.481201171875
2026-01-19 05:00:00+00:00,105.01858520507812
2026-01-19 06:00:00+00:00,120.23542785644531
2026-01-19 07:00:00+00:00,136.9699249267578
2026-01-19 08:00:00+00:00,138.03085327148438
2026-01-19 09:00:00+00:00,131.21621704101562
2026-01-19 10:00:00+00:00,123.96330261230469
2026-01-19 11:00:00+00:00,118.80581665039062
2026-01-19 12:00:00+00:00,118.82106018066406
2026-01-19 13:00:00+00:00,123.38890075683594
2026-01-19 14:00:00+00:00,132.4171142578125
2026-01-19 15:00:00+00:00,141.892333984375
2026-01-19 16:00:00+00:00,162.04251098632812
2026-01-19 17:00:00+00:00,155.9392547607422
2026-01-19 18:00:00+00:00,139.96246337890625
2026-01-19 19:00:00+00:00,121.18787384033203
2026-01-19 20:00:00+00:00,112.36164093017578
2026-01-19 21:00:00+00:00,107.3908920288086
2026-01-19 22:00:00+00:00,99.65283966064453
2026-01-19 23:00:00+00:00,96.63046264648438
2026-01-20 00:00:00+00:00,113.18720245361328
2026-01-20 01:00:00+00:00,110.22393035888672
2026-01-20 02:00:00+00:00,107.23905181884766
2026-01-20 03:00:00+00:00,107.63310241699219
2026-01-20 04:00:00+00:00,111.80712890625
2026-01-20 05:00:00+00:00,129.6300506591797
2026-01-20 06:00:00+00:00,153.1331329345703
2026-01-20 07:00:00+00:00,173.9221649169922
2026-01-20 08:00:00+00:00,173.27639770507812
2026-01-20 09:00:00+00:00,157.25946044921875
2026-01-20 10:00:00+00:00,141.93380737304688
2026-01-20 11:00:00+00:00,132.98411560058594
2026-01-20 12:00:00+00:00,133.87513732910156
2026-01-20 13:00:00+00:00,145.5992889404297
2026-01-20 14:00:00+00:00,161.09127807617188
2026-01-20 15:00:00+00:00,174.69369506835938
2026-01-20 16:00:00+00:00,194.37149047851562
2026-01-20 17:00:00+00:00,188.24545288085938
2026-01-20 18:00:00+00:00,166.2349853515625
2026-01-20 19:00:00+00:00,144.1796112060547
2026-01-20 20:00:00+00:00,129.21119689941406
2026-01-20 21:00:00+00:00,120.24044036865234
2026-01-20 22:00:00+00:00,110.69973754882812
2026-01-20 23:00:00+00:00,109.65856170654297
2026-01-21 00:00:00+00:00,99.47219848632812
2026-01-21 01:00:00+00:00,96.89470672607422
2026-01-21 02:00:00+00:00,94.96991729736328
2026-01-21 03:00:00+00:00,96.44012451171875
2026-01-21 04:00:00+00:00,104.9452133178711
2026-01-21 05:00:00+00:00,133.74118041992188
2026-01-21 06:00:00+00:00,165.82162475585938
2026-01-21 07:00:00+00:00,179.26007080078125
2026-01-21 08:00:00+00:00,157.551513671875
2026-01-21 09:00:00+00:00,132.3077850341797
2026-01-21 10:00:00+00:00,117.08724212646484
2026-01-21 11:00:00+00:00,112.4361801147461
2026-01-21 12:00:00+00:00,116.0244369506836
2026-01-21 13:00:00+00:00,133.83399963378906
2026-01-21 14:00:00+00:00,163.16676330566406
2026-01-21 15:00:00+00:00,196.6608123779297
2026-01-21 16:00:00+00:00,210.68136596679688
2026-01-21 17:00:00+00:00,190.30130004882812
2026-01-21 18:00:00+00:00,166.9073028564453
2026-01-21 19:00:00+00:00,141.1154327392578
2026-01-21 20:00:00+00:00,125.5362319946289
2026-01-21 21:00:00+00:00,115.01011657714844
2026-01-21 22:00:00+00:00,105.77686309814453
2026-01-21 23:00:00+00:00,101.4249496459961
2026-01-22 00:00:00+00:00,89.66422271728516
2026-01-22 01:00:00+00:00,87.7179183959961
2026-01-22 02:00:00+00:00,86.42732238769531
2026-01-22 03:00:00+00:00,86.77044677734375
2026-01-22 04:00:00+00:00,90.38784790039062
2026-01-22 05:00:00+00:00,101.96510314941406
2026-01-22 06:00:00+00:00,121.92082214355469
2026-01-22 07:00:00+00:00,133.8068084716797
2026-01-22 08:00:00+00:00,125.77268981933594
2026-01-22 09:00:00+00:00,111.28858947753906
2026-01-22 10:00:00+00:00,101.53982543945312
2026-01-22 11:00:00+00:00,99.6134033203125
2026-01-22 12:00:00+00:00,101.93994903564453
2026-01-22 13:00:00+00:00,112.22758483886719
2026-01-22 14:00:00+00:00,130.6947479248047
2026-01-22 15:00:00+00:00,147.87191772460938
2026-01-22 16:00:00+00:00,155.87095642089844
2026-01-22 17:00:00+00:00,145.28497314453125
2026-01-22 18:00:00+00:00,129.5269012451172
2026-01-22 19:00:00+00:00,114.41728210449219
2026-01-22 20:00:00+00:00,107.17655944824219
2026-01-22 21:00:00+00:00,101.56354522705078
2026-01-22 22:00:00+00:00,94.79805755615234
2026-01-22 23:00:00+00:00,91.5143051147461
2026-01-23 00:00:00+00:00,95.43626403808594
2026-01-23 01:00:00+00:00,93.78736114501953
2026-01-23 02:00:00+00:00,93.57404327392578
2026-01-23 03:00:00+00:00,93.65951538085938
2026-01-23 04:00:00+00:00,95.232421875
2026-01-23 05:00:00+00:00,105.23590087890625
2026-01-23 06:00:00+00:00,129.0199737548828
2026-01-23 07:00:00+00:00,140.06861877441406
2026-01-23 08:00:00+00:00,125.52615356445312
2026-01-23 09:00:00+00:00,108.60932922363281
2026-01-23 10:00:00+00:00,99.90654754638672
2026-01-23 11:00:00+00:00,97.89300537109375
2026-01-23 12:00:00+00:00,99.63461303710938
2026-01-23 13:00:00+00:00,106.87699890136719
2026-01-23 14:00:00+00:00,122.0805892944336
2026-01-23 15:00:00+00:00,140.92822265625
2026-01-23 16:00:00+00:00,145.89797973632812
2026-01-23 17:00:00+00:00,138.45083618164062
2026-01-23 18:00:00+00:00,128.5617218017578
2026-01-23 19:00:00+00:00,112.4803237915039
2026-01-23 20:00:00+00:00,105.83097839355469
2026-01-23 21:00:00+00:00,102.71720886230469
2026-01-23 22:00:00+00:00,99.9056625366211
2026-01-23 23:00:00+00:00,99.3724594116211
2026-01-24 00:00:00+00:00,99.40599060058594
2026-01-24 01:00:00+00:00,97.65068817138672
2026-01-24 02:00:00+00:00,95.82808685302734
2026-01-24 03:00:00+00:00,94.68742370605469
2026-01-24 04:00:00+00:00,94.1124496459961
2026-01-24 05:00:00+00:00,94.48261260986328
2026-01-24 06:00:00+00:00,97.00892639160156
2026-01-24 07:00:00+00:00,102.4391860961914
2026-01-24 08:00:00+00:00,104.34259796142578
2026-01-24 09:00:00+00:00,101.06346893310547
2026-01-24 10:00:00+00:00,97.02389526367188
2026-01-24 11:00:00+00:00,95.27362060546875
2026-01-24 12:00:00+00:00,95.15489196777344
2026-01-24 13:00:00+00:00,97.33538818359375
2026-01-24 14:00:00+00:00,102.5770263671875
2026-01-24 15:00:00+00:00,112.73910522460938
2026-01-24 16:00:00+00:00,122.0847396850586
2026-01-24 17:00:00+00:00,121.8865966796875
2026-01-24 18:00:00+00:00,117.03101348876953
2026-01-24 19:00:00+00:00,108.06001281738281
2026-01-24 20:00:00+00:00,103.00968170166016
2026-01-24 21:00:00+00:00,101.10445404052734
2026-01-24 22:00:00+00:00,99.60198211669922
2026-01-24 23:00:00+00:00,99.37657165527344
2026-01-25 00:00:00+00:00,99.59812927246094
2026-01-25 01:00:00+00:00,98.37396240234375
2026-01-25 02:00:00+00:00,96.82788848876953
2026-01-25 03:00:00+00:00,95.86131286621094
2026-01-25 04:00:00+00:00,95.54197692871094
2026-01-25 05:00:00+00:00,96.0181655883789
2026-01-25 06:00:00+00:00,98.69912719726562
2026-01-25 07:00:00+00:00,104.89886474609375
2026-01-25 08:00:00+00:00,110.2802505493164
2026-01-25 09:00:00+00:00,108.4207763671875
2026-01-25 10:00:00+00:00,104.29785919189453
2026-01-25 11:00:00+00:00,102.08196258544922
2026-01-25 12:00:00+00:00,100.89275360107422
2026-01-25 13:00:00+00:00,102.0424575805664
2026-01-25 14:00:00+00:00,106.37773895263672
2026-01-25 15:00:00+00:00,116.88274383544922
2026-01-25 16:00:00+00:00,126.97698211669922
2026-01-25 17:00:00+00:00,132.88302612304688
2026-01-25 18:00:00+00:00,126.6346435546875
2026-01-25 19:00:00+00:00,114.55757904052734
2026-01-25 20:00:00+00:00,109.259765625
2026-01-25 21:00:00+00:00,106.64407348632812
2026-01-25 22:00:00+00:00,101.9151840209961
2026-01-25 23:00:00+00:00,98.24885559082031
2026-01-26 00:00:00+00:00,102.9248275756836
2026-01-26 01:00:00+00:00,102.91499328613281
2026-01-26 02:00:00+00:00,102.87257385253906
2026-01-26 03:00:00+00:00,102.65216827392578
2026-01-26 04:00:00+00:00,104.8020248413086
2026-01-26 05:00:00+00:00,120.9751968383789
2026-01-26 06:00:00+00:00,153.77867126464844
2026-01-26 07:00:00+00:00,173.2042694091797
2026-01-26 08:00:00+00:00,153.9805908203125
2026-01-26 09:00:00+00:00,128.96994018554688
2026-01-26 10:00:00+00:00,116.38041687011719
2026-01-26 11:00:00+00:00,113.11976623535156
2026-01-26 12:00:00+00:00,115.7490234375
2026-01-26 13:00:00+00:00,128.9194793701172
2026-01-26 14:00:00+00:00,148.98068237304688
2026-01-26 15:00:00+00:00,172.72183227539062
2026-01-26 16:00:00+00:00,179.37396240234375
2026-01-26 17:00:00+00:00,172.18707275390625
2026-01-26 18:00:00+00:00,154.12733459472656
2026-01-26 19:00:00+00:00,134.630126953125
2026-01-26 20:00:00+00:00,122.91497802734375
2026-01-26 21:00:00+00:00,114.85204315185547
2026-01-26 22:00:00+00:00,107.0926742553711
2026-01-26 23:00:00+00:00,104.82418060302734
2026-01-27 00:00:00+00:00,117.9771499633789
2026-01-27 01:00:00+00:00,113.6596908569336
2026-01-27 02:00:00+00:00,111.66850280761719
2026-01-27 03:00:00+00:00,112.7424545288086
2026-01-27 04:00:00+00:00,119.38882446289062
2026-01-27 05:00:00+00:00,143.058837890625
2026-01-27 06:00:00+00:00,175.1615753173828
2026-01-27 07:00:00+00:00,193.84225463867188
2026-01-27 08:00:00+00:00,180.61447143554688
2026-01-27 09:00:00+00:00,162.5904083251953
2026-01-27 10:00:00+00:00,146.42236328125
2026-01-27 11:00:00+00:00,137.4432373046875
2026-01-27 12:00:00+00:00,135.1880340576172
2026-01-27 13:00:00+00:00,140.24819946289062
2026-01-27 14:00:00+00:00,152.98423767089844
2026-01-27 15:00:00+00:00,166.93048095703125
2026-01-27 16:00:00+00:00,178.42291259765625
2026-01-27 17:00:00+00:00,171.71417236328125
2026-01-27 18:00:00+00:00,156.03704833984375
2026-01-27 19:00:00+00:00,136.8108367919922
2026-01-27 20:00:00+00:00,125.3151626586914
2026-01-27 21:00:00+00:00,117.36166381835938
2026-01-27 22:00:00+00:00,108.88557434082031
2026-01-27 23:00:00+00:00,106.91008758544922
2026-01-28 00:00:00+00:00,102.71522521972656
2026-01-28 01:00:00+00:00,101.47119903564453
2026-01-28 02:00:00+00:00,100.96809387207031
2026-01-28 03:00:00+00:00,101.060791015625
2026-01-28 04:00:00+00:00,102.51081848144531
2026-01-28 05:00:00+00:00,112.60923767089844
2026-01-28 06:00:00+00:00,136.03904724121094
2026-01-28 07:00:00+00:00,153.55316162109375
2026-01-28 08:00:00+00:00,144.74481201171875
2026-01-28 09:00:00+00:00,126.24995422363281
2026-01-28 10:00:00+00:00,114.4655532836914
2026-01-28 11:00:00+00:00,109.45191192626953
2026-01-28 12:00:00+00:00,109.47781372070312
2026-01-28 13:00:00+00:00,116.6985092163086
2026-01-28 14:00:00+00:00,128.5001220703125
2026-01-28 15:00:00+00:00,140.96351623535156
2026-01-28 16:00:00+00:00,150.34805297851562
2026-01-28 17:00:00+00:00,147.30418395996094
2026-01-28 18:00:00+00:00,136.74530029296875
2026-01-28 19:00:00+00:00,121.97149658203125
2026-01-28 20:00:00+00:00,116.55078125
2026-01-28 21:00:00+00:00,112.3917007446289
2026-01-28 22:00:00+00:00,106.36951446533203
2026-01-28 23:00:00+00:00,103.00679779052734
2026-01-29 00:00:00+00:00,101.26554870605469
2026-01-29 01:00:00+00:00,100.25382995605469
2026-01-29 02:00:00+00:00,99.84452056884766
2026-01-29 03:00:00+00:00,100.49967956542969
2026-01-29 04:00:00+00:00,102.21245574951172
2026-01-29 05:00:00+00:00,112.08245086669922
2026-01-29 06:00:00+00:00,136.4652099609375
2026-01-29 07:00:00+00:00,156.64639282226562
2026-01-29 08:00:00+00:00,154.16587829589844
2026-01-29 09:00:00+00:00,145.23411560058594
2026-01-29 10:00:00+00:00,134.74746704101562
2026-01-29 11:00:00+00:00,128.38058471679688
2026-01-29 12:00:00+00:00,126.181884765625
2026-01-29 13:00:00+00:00,129.70596313476562
2026-01-29 14:00:00+00:00,136.13987731933594
2026-01-29 15:00:00+00:00,144.39439392089844
2026-01-29 16:00:00+00:00,154.44654846191406
2026-01-29 17:00:00+00:00,151.62893676757812
2026-01-29 18:00:00+00:00,140.81439208984375
2026-01-29 19:00:00+00:00,124.26780700683594
2026-01-29 20:00:00+00:00,118.0409164428711
2026-01-29 21:00:00+00:00,113.66698455810547
2026-01-29 22:00:00+00:00,108.2585220336914
2026-01-29 23:00:00+00:00,104.92376708984375
2026-01-30 00:00:00+00:00,108.36193084716797
2026-01-30 01:00:00+00:00,105.17556762695312
2026-01-30 02:00:00+00:00,103.56407165527344
2026-01-30 03:00:00+00:00,103.21097564697266
2026-01-30 04:00:00+00:00,105.18205261230469
2026-01-30 05:00:00+00:00,115.68030548095703
2026-01-30 06:00:00+00:00,140.24285888671875
2026-01-30 07:00:00+00:00,159.16326904296875
2026-01-30 08:00:00+00:00,159.8133087158203
2026-01-30 09:00:00+00:00,149.14019775390625
2026-01-30 10:00:00+00:00,138.6095733642578
2026-01-30 11:00:00+00:00,130.16969299316406
2026-01-30 12:00:00+00:00,127.11358642578125
2026-01-30 13:00:00+00:00,130.7335205078125
2026-01-30 14:00:00+00:00,137.405517578125
2026-01-30 15:00:00+00:00,144.91925048828125
2026-01-30 16:00:00+00:00,153.27484130859375
2026-01-30 17:00:00+00:00,150.18661499023438
2026-01-30 18:00:00+00:00,140.49871826171875
2026-01-30 19:00:00+00:00,124.74555969238281
2026-01-30 20:00:00+00:00,115.75076293945312
2026-01-30 21:00:00+00:00,112.0313949584961
2026-01-30 22:00:00+00:00,106.224609375
2026-01-30 23:00:00+00:00,105.07206726074219
2026-01-31 00:00:00+00:00,95.92523193359375
2026-01-31 01:00:00+00:00,94.2541275024414
2026-01-31 02:00:00+00:00,93.33663940429688
2026-01-31 03:00:00+00:00,92.54231262207031
2026-01-31 04:00:00+00:00,92.91632080078125
2026-01-31 05:00:00+00:00,94.09501647949219
2026-01-31 06:00:00+00:00,98.2569580078125
2026-01-31 07:00:00+00:00,105.60810852050781
2026-01-31 08:00:00+00:00,112.27723693847656
2026-01-31 09:00:00+00:00,112.33316802978516
2026-01-31 10:00:00+00:00,108.65193939208984
2026-01-31 11:00:00+00:00,105.4962387084961
2026-01-31 12:00:00+00:00,103.654052734375
2026-01-31 13:00:00+00:00,104.48770141601562
2026-01-31 14:00:00+00:00,108.07652282714844
2026-01-31 15:00:00+00:00,115.46800994873047
2026-01-31 16:00:00+00:00,126.37025451660156
2026-01-31 17:00:00+00:00,124.85459899902344
2026-01-31 18:00:00+00:00,117.7302474975586
2026-01-31 19:00:00+00:00,108.25200653076172
2026-01-31 20:00:00+00:00,103.07750701904297
2026-01-31 21:00:00+00:00,100.8662109375
2026-01-31 22:00:00+00:00,98.3565673828125
2026-01-31 23:00:00+00:00,97.76615905761719
2026-02-01 00:00:00+00:00,94.18293762207031
2026-02-01 01:00:00+00:00,92.55755615234375
2026-02-01 02:00:00+00:00,91.43047332763672
2026-02-01 03:00:00+00:00,91.12823486328125
2026-02-01 04:00:00+00:00,91.25080871582031
2026-02-01 05:00:00+00:00,91.81097412109375
2026-02-01 06:00:00+00:00,94.1059799194336
2026-02-01 07:00:00+00:00,98.93543243408203
2026-02-01 08:00:00+00:00,103.78544616699219
2026-02-01 09:00:00+00:00,106.05321502685547
2026-02-01 10:00:00+00:00,105.88177490234375
2026-02-01 11:00:00+00:00,104.14582824707031
2026-02-01 12:00:00+00:00,102.67352294921875
2026-02-01 13:00:00+00:00,103.32650756835938
2026-02-01 14:00:00+00:00,105.61858367919922
2026-02-01 15:00:00+00:00,111.71131896972656
2026-02-01 16:00:00+00:00,123.88858032226562
2026-02-01 17:00:00+00:00,128.17681884765625
2026-02-01 18:00:00+00:00,123.87122344970703
2026-02-01 19:00:00+00:00,115.44760131835938
2026-02-01 20:00:00+00:00,108.17665100097656
2026-02-01 21:00:00+00:00,104.90876007080078
2026-02-01 22:00:00+00:00,99.67203521728516
2026-02-01 23:00:00+00:00,97.05854797363281
2026-02-02 00:00:00+00:00,97.052978515625
2026-02-02 01:00:00+00:00,96.15972900390625
2026-02-02 02:00:00+00:00,95.74559020996094
2026-02-02 03:00:00+00:00,94.97298431396484
2026-02-02 04:00:00+00:00,96.24075317382812
2026-02-02 05:00:00+00:00,107.69674682617188
2026-02-02 06:00:00+00:00,132.77853393554688
2026-02-02 07:00:00+00:00,151.86810302734375
2026-02-02 08:00:00+00:00,152.74888610839844
2026-02-02 09:00:00+00:00,146.01104736328125
2026-02-02 10:00:00+00:00,138.498779296875
2026-02-02 11:00:00+00:00,131.95277404785156
2026-02-02 12:00:00+00:00,129.16818237304688
2026-02-02 13:00:00+00:00,131.45066833496094
2026-02-02 14:00:00+00:00,137.10943603515625
2026-02-02 15:00:00+00:00,141.76815795898438
2026-02-02 16:00:00+00:00,152.5395050048828
2026-02-02 17:00:00+00:00,149.79034423828125
2026-02-02 18:00:00+00:00,138.0755157470703
2026-02-02 19:00:00+00:00,122.07283020019531
2026-02-02 20:00:00+00:00,114.19419860839844
2026-02-02 21:00:00+00:00,109.98776245117188
2026-02-02 22:00:00+00:00,103.21331787109375
2026-02-02 23:00:00+00:00,100.16442108154297
2026-02-03 00:00:00+00:00,91.34352111816406
2026-02-03 01:00:00+00:00,90.29084777832031
2026-02-03 02:00:00+00:00,89.48179626464844
2026-02-03 03:00:00+00:00,89.16513061523438
2026-02-03 04:00:00+00:00,91.17555236816406
2026-02-03 05:00:00+00:00,100.03765869140625
2026-02-03 06:00:00+00:00,117.0452880859375
2026-02-03 07:00:00+00:00,130.7154541015625
2026-02-03 08:00:00+00:00,131.78945922851562
2026-02-03 09:00:00+00:00,121.06448364257812
2026-02-03 10:00:00+00:00,112.91937255859375
2026-02-03 11:00:00+00:00,106.3861083984375
2026-02-03 12:00:00+00:00,103.29139709472656
2026-02-03 13:00:00+00:00,104.83316040039062
2026-02-03 14:00:00+00:00,108.43616485595703
2026-02-03 15:00:00+00:00,114.06287384033203
2026-02-03 16:00:00+00:00,123.97897338867188
2026-02-03 17:00:00+00:00,123.89019775390625
2026-02-03 18:00:00+00:00,116.1778335571289
2026-02-03 19:00:00+00:00,106.75521850585938
2026-02-03 20:00:00+00:00,102.51654815673828
2026-02-03 21:00:00+00:00,100.4430160522461
2026-02-03 22:00:00+00:00,95.55406951904297
2026-02-03 23:00:00+00:00,93.73530578613281
2026-02-04 00:00:00+00:00,93.77986907958984
2026-02-04 01:00:00+00:00,92.21827697753906
2026-02-04 02:00:00+00:00,90.74266052246094
2026-02-04 03:00:00+00:00,89.99919891357422
2026-02-04 04:00:00+00:00,91.88784790039062
2026-02-04 05:00:00+00:00,100.52287292480469
2026-02-04 06:00:00+00:00,118.11674499511719
2026-02-04 07:00:00+00:00,132.38356018066406
2026-02-04 08:00:00+00:00,130.28684997558594
2026-02-04 09:00:00+00:00,120.18702697753906
2026-02-04 10:00:00+00:00,110.68415832519531
2026-02-04 11:00:00+00:00,105.99540710449219
2026-02-04 12:00:00+00:00,104.80508422851562
2026-02-04 13:00:00+00:00,108.3161849975586
2026-02-04 14:00:00+00:00,115.29719543457031
2026-02-04 15:00:00+00:00,125.1565933227539
2026-02-04 16:00:00+00:00,136.49383544921875
2026-02-04 17:00:00+00:00,134.2122039794922
2026-02-04 18:00:00+00:00,124.07524108886719
2026-02-04 19:00:00+00:00,110.73391723632812
2026-02-04 20:00:00+00:00,105.70352172851562
2026-02-04 21:00:00+00:00,103.1680679321289
2026-02-04 22:00:00+00:00,98.01663970947266
2026-02-04 23:00:00+00:00,95.72844696044922
2026-02-05 00:00:00+00:00,89.24754333496094
2026-02-05 01:00:00+00:00,88.13284301757812
2026-02-05 02:00:00+00:00,87.11432647705078
2026-02-05 03:00:00+00:00,87.44049835205078
2026-02-05 04:00:00+00:00,88.95933532714844
2026-02-05 05:00:00+00:00,95.71656799316406
2026-02-05 06:00:00+00:00,108.85625457763672
2026-02-05 07:00:00+00:00,117.92193603515625
2026-02-05 08:00:00+00:00,113.81902313232422
2026-02-05 09:00:00+00:00,100.67249298095703
2026-02-05 10:00:00+00:00,93.59666442871094
2026-02-05 11:00:00+00:00,90.74110412597656
2026-02-05 12:00:00+00:00,90.8795394897461
2026-02-05 13:00:00+00:00,93.90650177001953
2026-02-05 14:00:00+00:00,100.46908569335938
2026-02-05 15:00:00+00:00,110.13375854492188
2026-02-05 16:00:00+00:00,116.7474136352539
2026-02-05 17:00:00+00:00,113.71640014648438
2026-02-05 18:00:00+00:00,106.00244140625
2026-02-05 19:00:00+00:00,98.78805541992188
2026-02-05 20:00:00+00:00,95.85519409179688
2026-02-05 21:00:00+00:00,93.86466217041016
2026-02-05 22:00:00+00:00,90.6636962890625
2026-02-05 23:00:00+00:00,90.15425872802734
2026-02-06 00:00:00+00:00,97.76638793945312
2026-02-06 01:00:00+00:00,96.18574523925781
2026-02-06 02:00:00+00:00,95.23675537109375
2026-02-06 03:00:00+00:00,95.0093765258789
2026-02-06 04:00:00+00:00,96.23544311523438
2026-02-06 05:00:00+00:00,104.18119049072266
2026-02-06 06:00:00+00:00,121.28321838378906
2026-02-06 07:00:00+00:00,133.3383331298828
2026-02-06 08:00:00+00:00,130.58070373535156
2026-02-06 09:00:00+00:00,121.44902801513672
2026-02-06 10:00:00+00:00,114.10771179199219
2026-02-06 11:00:00+00:00,108.8846206665039
2026-02-06 12:00:00+00:00,107.59335327148438
2026-02-06 13:00:00+00:00,110.30271911621094
2026-02-06 14:00:00+00:00,117.25746154785156
2026-02-06 15:00:00+00:00,125.386474609375
2026-02-06 16:00:00+00:00,134.8692626953125
2026-02-06 17:00:00+00:00,132.63108825683594
2026-02-06 18:00:00+00:00,124.29251098632812
2026-02-06 19:00:00+00:00,113.94610595703125
2026-02-06 20:00:00+00:00,106.91312408447266
2026-02-06 21:00:00+00:00,104.46951293945312
2026-02-06 22:00:00+00:00,98.83748626708984
2026-02-06 23:00:00+00:00,97.38841247558594
2026-02-07 00:00:00+00:00,99.4640121459961
2026-02-07 01:00:00+00:00,98.38427734375
2026-02-07 02:00:00+00:00,97.71833801269531
2026-02-07 03:00:00+00:00,97.28787994384766
2026-02-07 04:00:00+00:00,97.59912872314453
2026-02-07 05:00:00+00:00,98.60531616210938
2026-02-07 06:00:00+00:00,102.4474105834961
2026-02-07 07:00:00+00:00,109.64596557617188
2026-02-07 08:00:00+00:00,114.59627532958984
2026-02-07 09:00:00+00:00,115.89604949951172
2026-02-07 10:00:00+00:00,113.61521911621094
2026-02-07 11:00:00+00:00,110.33972930908203
2026-02-07 12:00:00+00:00,107.93614196777344
2026-02-07 13:00:00+00:00,108.91304016113281
2026-02-07 14:00:00+00:00,112.70807647705078
2026-02-07 15:00:00+00:00,118.16107177734375
2026-02-07 16:00:00+00:00,127.6832275390625
2026-02-07 17:00:00+00:00,126.9969711303711
2026-02-07 18:00:00+00:00,122.37187957763672
2026-02-07 19:00:00+00:00,113.86136627197266
2026-02-07 20:00:00+00:00,108.01021575927734
2026-02-07 21:00:00+00:00,104.83277893066406
2026-02-07 22:00:00+00:00,100.86067962646484
2026-02-07 23:00:00+00:00,98.24781799316406
2026-02-08 00:00:00+00:00,102.01861572265625
2026-02-08 01:00:00+00:00,100.54325103759766
2026-02-08 02:00:00+00:00,99.65826416015625
2026-02-08 03:00:00+00:00,98.39379119873047
2026-02-08 04:00:00+00:00,97.70561981201172
2026-02-08 05:00:00+00:00,97.13412475585938
2026-02-08 06:00:00+00:00,98.84706115722656
2026-02-08 07:00:00+00:00,102.17292785644531
2026-02-08 08:00:00+00:00,105.85006713867188
2026-02-08 09:00:00+00:00,106.7158432006836
2026-02-08 10:00:00+00:00,106.05340576171875
2026-02-08 11:00:00+00:00,104.71128845214844
2026-02-08 12:00:00+00:00,102.7878189086914
2026-02-08 13:00:00+00:00,102.95437622070312
2026-02-08 14:00:00+00:00,105.28749084472656
2026-02-08 15:00:00+00:00,111.5246810913086
2026-02-08 16:00:00+00:00,123.99032592773438
2026-02-08 17:00:00+00:00,129.51968383789062
2026-02-08 18:00:00+00:00,125.42849731445312
2026-02-08 19:00:00+00:00,115.61451721191406
2026-02-08 20:00:00+00:00,109.017333984375
2026-02-08 21:00:00+00:00,106.85676574707031
2026-02-08 22:00:00+00:00,101.81864929199219
2026-02-08 23:00:00+00:00,98.84136962890625
2026-02-09 00:00:00+00:00,95.77257537841797
2026-02-09 01:00:00+00:00,94.81748962402344
2026-02-09 02:00:00+00:00,93.43089294433594
2026-02-09 03:00:00+00:00,93.13772583007812
2026-02-09 04:00:00+00:00,94.77047729492188
2026-02-09 05:00:00+00:00,104.76128387451172
2026-02-09 06:00:00+00:00,122.3260498046875
2026-02-09 07:00:00+00:00,133.2738800048828
2026-02-09 08:00:00+00:00,131.6526641845703
2026-02-09 09:00:00+00:00,120.85298156738281
2026-02-09 10:00:00+00:00,113.40442657470703
2026-02-09 11:00:00+00:00,107.82681274414062
2026-02-09 12:00:00+00:00,106.63613891601562
2026-02-09 13:00:00+00:00,109.36223602294922
2026-02-09 14:00:00+00:00,115.96205139160156
2026-02-09 15:00:00+00:00,122.51300048828125
2026-02-09 16:00:00+00:00,131.70361328125
2026-02-09 17:00:00+00:00,130.69808959960938
2026-02-09 18:00:00+00:00,122.48805236816406
2026-02-09 19:00:00+00:00,111.70317840576172
2026-02-09 20:00:00+00:00,105.33613586425781
2026-02-09 21:00:00+00:00,102.5178451538086
2026-02-09 22:00:00+00:00,98.28363800048828
2026-02-09 23:00:00+00:00,96.74406433105469
2026-02-10 00:00:00+00:00,102.16189575195312
2026-02-10 01:00:00+00:00,100.4205322265625
2026-02-10 02:00:00+00:00,99.42671966552734
2026-02-10 03:00:00+00:00,99.78306579589844
2026-02-10 04:00:00+00:00,104.8250961303711
2026-02-10 05:00:00+00:00,127.28895568847656
2026-02-10 06:00:00+00:00,160.09182739257812
2026-02-10 07:00:00+00:00,176.63577270507812
2026-02-10 08:00:00+00:00,163.82528686523438
2026-02-10 09:00:00+00:00,146.9884490966797
2026-02-10 10:00:00+00:00,134.14462280273438
2026-02-10 11:00:00+00:00,126.39132690429688
2026-02-10 12:00:00+00:00,126.09297943115234
2026-02-10 13:00:00+00:00,132.94703674316406
2026-02-10 14:00:00+00:00,144.60321044921875
2026-02-10 15:00:00+00:00,158.15150451660156
2026-02-10 16:00:00+00:00,175.92218017578125
2026-02-10 17:00:00+00:00,167.19166564941406
2026-02-10 18:00:00+00:00,150.212890625
2026-02-10 19:00:00+00:00,130.68179321289062
2026-02-10 20:00:00+00:00,120.9343490600586
2026-02-10 21:00:00+00:00,113.73634338378906
2026-02-10 22:00:00+00:00,104.49762725830078
2026-02-10 23:00:00+00:00,101.46553039550781
2026-02-11 00:00:00+00:00,95.30967712402344
2026-02-11 01:00:00+00:00,94.36747741699219
2026-02-11 02:00:00+00:00,93.50584411621094
2026-02-11 03:00:00+00:00,93.74295043945312
2026-02-11 04:00:00+00:00,95.39849090576172
2026-02-11 05:00:00+00:00,105.87348937988281
2026-02-11 06:00:00+00:00,122.7433090209961
2026-02-11 07:00:00+00:00,134.04443359375
2026-02-11 08:00:00+00:00,128.9386444091797
2026-02-11 09:00:00+00:00,118.77068328857422
2026-02-11 10:00:00+00:00,110.60431671142578
2026-02-11 11:00:00+00:00,105.24163055419922
2026-02-11 12:00:00+00:00,105.00479888916016
2026-02-11 13:00:00+00:00,109.74626159667969
2026-02-11 14:00:00+00:00,119.37803649902344
2026-02-11 15:00:00+00:00,127.71315002441406
2026-02-11 16:00:00+00:00,136.92294311523438
2026-02-11 17:00:00+00:00,134.70663452148438
2026-02-11 18:00:00+00:00,125.40796661376953
2026-02-11 19:00:00+00:00,114.21804809570312
2026-02-11 20:00:00+00:00,107.8415298461914
2026-02-11 21:00:00+00:00,104.88902282714844
2026-02-11 22:00:00+00:00,100.0003662109375
2026-02-11 23:00:00+00:00,97.85594177246094
2026-02-12 00:00:00+00:00,88.31713104248047
2026-02-12 01:00:00+00:00,87.88224792480469
2026-02-12 02:00:00+00:00,87.62673950195312
2026-02-12 03:00:00+00:00,87.90178680419922
2026-02-12 04:00:00+00:00,90.4613037109375
2026-02-12 05:00:00+00:00,100.72856903076172
2026-02-12 06:00:00+00:00,116.61637878417969
2026-02-12 07:00:00+00:00,124.9255599975586
2026-02-12 08:00:00+00:00,119.02239227294922
2026-02-12 09:00:00+00:00,112.28176879882812
2026-02-12 10:00:00+00:00,106.56018829345703
2026-02-12 11:00:00+00:00,101.79039764404297
2026-02-12 12:00:00+00:00,102.13311767578125
2026-02-12 13:00:00+00:00,105.79252624511719
2026-02-12 14:00:00+00:00,113.03788757324219
2026-02-12 15:00:00+00:00,120.46379089355469
2026-02-12 16:00:00+00:00,129.39892578125
2026-02-12 17:00:00+00:00,127.23770904541016
2026-02-12 18:00:00+00:00,117.8517074584961
2026-02-12 19:00:00+00:00,108.24327087402344
2026-02-12 20:00:00+00:00,104.55402374267578
2026-02-12 21:00:00+00:00,102.15198516845703
2026-02-12 22:00:00+00:00,97.83724212646484
2026-02-12 23:00:00+00:00,95.66798400878906
2026-02-13 00:00:00+00:00,82.92223358154297
2026-02-13 01:00:00+00:00,82.40711975097656
2026-02-13 02:00:00+00:00,81.89171600341797
2026-02-13 03:00:00+00:00,82.32984924316406
2026-02-13 04:00:00+00:00,84.50524139404297
2026-02-13 05:00:00+00:00,94.61383056640625
2026-02-13 06:00:00+00:00,108.96544647216797
2026-02-13 07:00:00+00:00,117.80046844482422
2026-02-13 08:00:00+00:00,115.27301025390625
2026-02-13 09:00:00+00:00,109.1877212524414
2026-02-13 10:00:00+00:00,104.17118072509766
2026-02-13 11:00:00+00:00,99.6754150390625
2026-02-13 12:00:00+00:00,98.94212341308594
2026-02-13 13:00:00+00:00,100.94820404052734
2026-02-13 14:00:00+00:00,106.22297668457031
2026-02-13 15:00:00+00:00,113.00399017333984
2026-02-13 16:00:00+00:00,118.6824951171875
2026-02-13 17:00:00+00:00,117.6261978149414
2026-02-13 18:00:00+00:00,110.72588348388672
2026-02-13 19:00:00+00:00,102.56614685058594
2026-02-13 20:00:00+00:00,98.15142059326172
2026-02-13 21:00:00+00:00,95.93602752685547
2026-02-13 22:00:00+00:00,92.22604370117188
2026-02-13 23:00:00+00:00,90.73706817626953
2026-02-14 00:00:00+00:00,96.74601745605469
2026-02-14 01:00:00+00:00,95.60424041748047
2026-02-14 02:00:00+00:00,95.17774963378906
2026-02-14 03:00:00+00:00,95.03488159179688
2026-02-14 04:00:00+00:00,95.17866516113281
2026-02-14 05:00:00+00:00,96.10246276855469
2026-02-14 06:00:00+00:00,99.27545166015625
2026-02-14 07:00:00+00:00,105.62164306640625
2026-02-14 08:00:00+00:00,111.11686706542969
2026-02-14 09:00:00+00:00,111.23780822753906
2026-02-14 10:00:00+00:00,108.09943389892578
2026-02-14 11:00:00+00:00,105.37628936767578
2026-02-14 12:00:00+00:00,103.68346405029297
2026-02-14 13:00:00+00:00,105.2535629272461
2026-02-14 14:00:00+00:00,111.59854125976562
2026-02-14 15:00:00+00:00,120.49909210205078
2026-02-14 16:00:00+00:00,133.50689697265625
2026-02-14 17:00:00+00:00,134.04315185546875
2026-02-14 18:00:00+00:00,128.62319946289062
2026-02-14 19:00:00+00:00,116.8388900756836
2026-02-14 20:00:00+00:00,109.34918212890625
2026-02-14 21:00:00+00:00,106.47935485839844
2026-02-14 22:00:00+00:00,102.37147521972656
2026-02-14 23:00:00+00:00,99.35237121582031
2026-02-15 00:00:00+00:00,100.44112396240234
2026-02-15 01:00:00+00:00,98.45816040039062
2026-02-15 02:00:00+00:00,97.58631134033203
2026-02-15 03:00:00+00:00,96.61753845214844
2026-02-15 04:00:00+00:00,95.7674331665039
2026-02-15 05:00:00+00:00,95.54098510742188
2026-02-15 06:00:00+00:00,97.06379699707031
2026-02-15 07:00:00+00:00,100.92626953125
2026-02-15 08:00:00+00:00,103.15157318115234
2026-02-15 09:00:00+00:00,103.36327362060547
2026-02-15 10:00:00+00:00,101.5249252319336
2026-02-15 11:00:00+00:00,99.4629898071289
2026-02-15 12:00:00+00:00,98.60375213623047
2026-02-15 13:00:00+00:00,99.6044692993164
2026-02-15 14:00:00+00:00,103.67384338378906
2026-02-15 15:00:00+00:00,111.05255889892578
2026-02-15 16:00:00+00:00,124.2875747680664
2026-02-15 17:00:00+00:00,130.23699951171875
2026-02-15 18:00:00+00:00,127.2512435913086
2026-02-15 19:00:00+00:00,118.97126007080078
2026-02-15 20:00:00+00:00,112.20985412597656
2026-02-15 21:00:00+00:00,107.9197769165039
2026-02-15 22:00:00+00:00,101.5887451171875
2026-02-15 23:00:00+00:00,97.97557067871094
2026-02-16 00:00:00+00:00,71.75721740722656
2026-02-16 01:00:00+00:00,72.10772705078125
2026-02-16 02:00:00+00:00,71.70101928710938
2026-02-16 03:00:00+00:00,72.26852416992188
2026-02-16 04:00:00+00:00,74.99840545654297
2026-02-16 05:00:00+00:00,83.45706176757812
2026-02-16 06:00:00+00:00,96.28352355957031
2026-02-16 07:00:00+00:00,106.5909194946289
2026-02-16 08:00:00+00:00,102.76760864257812
2026-02-16 09:00:00+00:00,92.7699966430664
2026-02-16 10:00:00+00:00,85.17352294921875
2026-02-16 11:00:00+00:00,80.77906036376953
2026-02-16 12:00:00+00:00,80.83102416992188
2026-02-16 13:00:00+00:00,84.06179809570312
2026-02-16 14:00:00+00:00,91.17304992675781
2026-02-16 15:00:00+00:00,103.37077331542969
2026-02-16 16:00:00+00:00,111.36900329589844
2026-02-16 17:00:00+00:00,111.46751403808594
2026-02-16 18:00:00+00:00,102.88529968261719
2026-02-16 19:00:00+00:00,94.06244659423828
2026-02-16 20:00:00+00:00,90.60214233398438
2026-02-16 21:00:00+00:00,87.45509338378906
2026-02-16 22:00:00+00:00,83.48008728027344
2026-02-16 23:00:00+00:00,82.97102355957031
2026-02-17 00:00:00+00:00,84.9979476928711
2026-02-17 01:00:00+00:00,84.59326171875
2026-02-17 02:00:00+00:00,84.44451141357422
2026-02-17 03:00:00+00:00,84.72252655029297
2026-02-17 04:00:00+00:00,87.59782409667969
2026-02-17 05:00:00+00:00,98.32494354248047
2026-02-17 06:00:00+00:00,114.7868423461914
2026-02-17 07:00:00+00:00,123.33615112304688
2026-02-17 08:00:00+00:00,119.62757110595703
2026-02-17 09:00:00+00:00,111.49434661865234
2026-02-17 10:00:00+00:00,104.7631607055664
2026-02-17 11:00:00+00:00,100.01807403564453
2026-02-17 12:00:00+00:00,99.77069854736328
2026-02-17 13:00:00+00:00,102.65449523925781
2026-02-17 14:00:00+00:00,111.5556869506836
2026-02-17 15:00:00+00:00,120.36116790771484
2026-02-17 16:00:00+00:00,128.40101623535156
2026-02-17 17:00:00+00:00,128.4544677734375
2026-02-17 18:00:00+00:00,122.93501281738281
2026-02-17 19:00:00+00:00,111.59363555908203
2026-02-17 20:00:00+00:00,104.13465118408203
2026-02-17 21:00:00+00:00,101.16365051269531
2026-02-17 22:00:00+00:00,95.10249328613281
2026-02-17 23:00:00+00:00,91.91934967041016
2026-02-18 00:00:00+00:00,93.29277038574219
2026-02-18 01:00:00+00:00,92.68556213378906
2026-02-18 02:00:00+00:00,92.53120422363281
2026-02-18 03:00:00+00:00,92.13676452636719
2026-02-18 04:00:00+00:00,94.18919372558594
2026-02-18 05:00:00+00:00,104.55148315429688
2026-02-18 06:00:00+00:00,118.87075805664062
2026-02-18 07:00:00+00:00,125.46537780761719
2026-02-18 08:00:00+00:00,121.39712524414062
2026-02-18 09:00:00+00:00,113.04672241210938
2026-02-18 10:00:00+00:00,105.02346801757812
2026-02-18 11:00:00+00:00,98.7887954711914
2026-02-18 12:00:00+00:00,98.16384887695312
2026-02-18 13:00:00+00:00,100.32576751708984
2026-02-18 14:00:00+00:00,106.0544662475586
2026-02-18 15:00:00+00:00,115.1570053100586
2026-02-18 16:00:00+00:00,125.29961395263672
2026-02-18 17:00:00+00:00,127.93266296386719
2026-02-18 18:00:00+00:00,122.0865249633789
2026-02-18 19:00:00+00:00,110.6593246459961
2026-02-18 20:00:00+00:00,103.99620819091797
2026-02-18 21:00:00+00:00,99.48731231689453
2026-02-18 22:00:00+00:00,94.03404235839844
2026-02-18 23:00:00+00:00,92.0501708984375
2026-02-19 00:00:00+00:00,82.97981262207031
2026-02-19 01:00:00+00:00,82.09600067138672
2026-02-19 02:00:00+00:00,82.11637115478516
2026-02-19 03:00:00+00:00,82.66114807128906
2026-02-19 04:00:00+00:00,86.14624786376953
2026-02-19 05:00:00+00:00,100.1845703125
2026-02-19 06:00:00+00:00,123.6960220336914
2026-02-19 07:00:00+00:00,134.75326538085938
2026-02-19 08:00:00+00:00,124.7405776977539
2026-02-19 09:00:00+00:00,111.71795654296875
2026-02-19 10:00:00+00:00,103.37860870361328
2026-02-19 11:00:00+00:00,97.45064544677734
2026-02-19 12:00:00+00:00,97.15157318115234
2026-02-19 13:00:00+00:00,100.62720489501953
2026-02-19 14:00:00+00:00,109.074462890625
2026-02-19 15:00:00+00:00,119.20023345947266
2026-02-19 16:00:00+00:00,132.84344482421875
2026-02-19 17:00:00+00:00,133.77035522460938
2026-02-19 18:00:00+00:00,122.42940521240234
2026-02-19 19:00:00+00:00,108.3598403930664
2026-02-19 20:00:00+00:00,101.17033386230469
2026-02-19 21:00:00+00:00,97.24776458740234
2026-02-19 22:00:00+00:00,92.4176025390625
2026-02-19 23:00:00+00:00,90.11061096191406
2026-02-20 00:00:00+00:00,86.07357788085938
2026-02-20 01:00:00+00:00,85.7207260131836
2026-02-20 02:00:00+00:00,84.92803955078125
2026-02-20 03:00:00+00:00,85.06431579589844
2026-02-20 04:00:00+00:00,86.80107116699219
2026-02-20 05:00:00+00:00,93.91243743896484
2026-02-20 06:00:00+00:00,107.23957824707031
2026-02-20 07:00:00+00:00,115.78267669677734
2026-02-20 08:00:00+00:00,112.00830078125
2026-02-20 09:00:00+00:00,103.98754119873047
2026-02-20 10:00:00+00:00,97.02749633789062
2026-02-20 11:00:00+00:00,93.05252075195312
2026-02-20 12:00:00+00:00,92.42514038085938
2026-02-20 13:00:00+00:00,94.42547607421875
2026-02-20 14:00:00+00:00,99.55599975585938
2026-02-20 15:00:00+00:00,107.23889923095703
2026-02-20 16:00:00+00:00,116.33824920654297
2026-02-20 17:00:00+00:00,118.56128692626953
2026-02-20 18:00:00+00:00,112.93173217773438
2026-02-20 19:00:00+00:00,103.99797058105469
2026-02-20 20:00:00+00:00,99.58001708984375
2026-02-20 21:00:00+00:00,96.59264373779297
2026-02-20 22:00:00+00:00,92.04854583740234
2026-02-20 23:00:00+00:00,90.3734130859375
2026-02-21 00:00:00+00:00,52.931190490722656
2026-02-21 01:00:00+00:00,52.64702224731445
2026-02-21 02:00:00+00:00,52.00298309326172
2026-02-21 03:00:00+00:00,52.69979476928711
2026-02-21 04:00:00+00:00,55.16624450683594
2026-02-21 05:00:00+00:00,58.541011810302734
2026-02-21 06:00:00+00:00,64.5287094116211
2026-02-21 07:00:00+00:00,73.34725952148438
2026-02-21 08:00:00+00:00,76.38043212890625
2026-02-21 09:00:00+00:00,74.51570892333984
2026-02-21 10:00:00+00:00,70.85619354248047
2026-02-21 11:00:00+00:00,68.87247467041016
2026-02-21 12:00:00+00:00,68.74420928955078
2026-02-21 13:00:00+00:00,71.89250946044922
2026-02-21 14:00:00+00:00,78.8311996459961
2026-02-21 15:00:00+00:00,89.98478698730469
2026-02-21 16:00:00+00:00,100.43557739257812
2026-02-21 17:00:00+00:00,102.42205047607422
2026-02-21 18:00:00+00:00,97.67144012451172
2026-02-21 19:00:00+00:00,90.27545166015625
2026-02-21 20:00:00+00:00,85.24671173095703
2026-02-21 21:00:00+00:00,82.01416015625
2026-02-21 22:00:00+00:00,78.15706634521484
2026-02-21 23:00:00+00:00,76.5992431640625
2026-02-22 00:00:00+00:00,52.82437515258789
2026-02-22 01:00:00+00:00,51.75252914428711
2026-02-22 02:00:00+00:00,51.300575256347656
2026-02-22 03:00:00+00:00,51.6700553894043
2026-02-22 04:00:00+00:00,52.957366943359375
2026-02-22 05:00:00+00:00,55.033973693847656
2026-02-22 06:00:00+00:00,59.66538619995117
2026-02-22 07:00:00+00:00,65.91636657714844
2026-02-22 08:00:00+00:00,68.40177917480469
2026-02-22 09:00:00+00:00,67.47245025634766
2026-02-22 10:00:00+00:00,64.51640319824219
2026-02-22 11:00:00+00:00,62.05724334716797
2026-02-22 12:00:00+00:00,60.277183532714844
2026-02-22 13:00:00+00:00,61.52718734741211
2026-02-22 14:00:00+00:00,69.05701446533203
2026-02-22 15:00:00+00:00,81.7265625
2026-02-22 16:00:00+00:00,100.43221282958984
2026-02-22 17:00:00+00:00,106.85088348388672
2026-02-22 18:00:00+00:00,100.64051055908203
2026-02-22 19:00:00+00:00,89.90896606445312
2026-02-22 20:00:00+00:00,84.34375
2026-02-22 21:00:00+00:00,80.20828247070312
2026-02-22 22:00:00+00:00,73.20384216308594
2026-02-22 23:00:00+00:00,68.5167465209961
2026-02-23 00:00:00+00:00,42.886436462402344
2026-02-23 01:00:00+00:00,42.071136474609375
2026-02-23 02:00:00+00:00,40.76359558105469
2026-02-23 03:00:00+00:00,40.52971649169922
2026-02-23 04:00:00+00:00,44.67758560180664
2026-02-23 05:00:00+00:00,55.71358871459961
2026-02-23 06:00:00+00:00,74.75192260742188
2026-02-23 07:00:00+00:00,87.89814758300781
2026-02-23 08:00:00+00:00,85.50694274902344
2026-02-23 09:00:00+00:00,74.4918212890625
2026-02-23 10:00:00+00:00,66.34915161132812
2026-02-23 11:00:00+00:00,61.65850830078125
2026-02-23 12:00:00+00:00,60.06672286987305
2026-02-23 13:00:00+00:00,63.103477478027344
2026-02-23 14:00:00+00:00,70.41405487060547
2026-02-23 15:00:00+00:00,83.21993255615234
2026-02-23 16:00:00+00:00,100.46813201904297
2026-02-23 17:00:00+00:00,101.29703521728516
2026-02-23 18:00:00+00:00,91.13272857666016
2026-02-23 19:00:00+00:00,80.44033813476562
2026-02-23 20:00:00+00:00,75.49724578857422
2026-02-23 21:00:00+00:00,70.84025573730469
2026-02-23 22:00:00+00:00,61.466304779052734
2026-02-23 23:00:00+00:00,57.85539245605469
2026-02-24 00:00:00+00:00,82.90443420410156
2026-02-24 01:00:00+00:00,81.69383239746094
2026-02-24 02:00:00+00:00,81.19701385498047
2026-02-24 03:00:00+00:00,80.64775085449219
2026-02-24 04:00:00+00:00,84.9471206665039
2026-02-24 05:00:00+00:00,96.50745391845703
2026-02-24 06:00:00+00:00,109.64827728271484
2026-02-24 07:00:00+00:00,116.91117095947266
2026-02-24 08:00:00+00:00,112.0989761352539
2026-02-24 09:00:00+00:00,102.89714050292969
2026-02-24 10:00:00+00:00,94.59899139404297
2026-02-24 11:00:00+00:00,88.06643676757812
2026-02-24 12:00:00+00:00,86.62602233886719
2026-02-24 13:00:00+00:00,90.09870147705078
2026-02-24 14:00:00+00:00,96.6142578125
2026-02-24 15:00:00+00:00,104.33045959472656
2026-02-24 16:00:00+00:00,116.25409698486328
2026-02-24 17:00:00+00:00,119.22877502441406
2026-02-24 18:00:00+00:00,112.66397094726562
2026-02-24 19:00:00+00:00,103.17567443847656
2026-02-24 20:00:00+00:00,98.8423843383789
2026-02-24 21:00:00+00:00,95.36320495605469
2026-02-24 22:00:00+00:00,89.09001922607422
2026-02-24 23:00:00+00:00,85.67472839355469
2026-02-25 00:00:00+00:00,93.72508239746094
2026-02-25 01:00:00+00:00,92.56758117675781
2026-02-25 02:00:00+00:00,92.17980194091797
2026-02-25 03:00:00+00:00,91.71322631835938
2026-02-25 04:00:00+00:00,96.48638153076172
2026-02-25 05:00:00+00:00,113.05766296386719
2026-02-25 06:00:00+00:00,140.75003051757812
2026-02-25 07:00:00+00:00,157.36074829101562
2026-02-25 08:00:00+00:00,145.03543090820312
2026-02-25 09:00:00+00:00,128.472900390625
2026-02-25 10:00:00+00:00,116.34149932861328
2026-02-25 11:00:00+00:00,107.85758209228516
2026-02-25 12:00:00+00:00,106.08506774902344
2026-02-25 13:00:00+00:00,107.87224578857422
2026-02-25 14:00:00+00:00,115.47917938232422
2026-02-25 15:00:00+00:00,128.03533935546875
2026-02-25 16:00:00+00:00,148.2396697998047
2026-02-25 17:00:00+00:00,150.646240234375
2026-02-25 18:00:00+00:00,133.22137451171875
2026-02-25 19:00:00+00:00,113.87026977539062
2026-02-25 20:00:00+00:00,106.56558990478516
2026-02-25 21:00:00+00:00,101.64019012451172
2026-02-25 22:00:00+00:00,94.79203796386719
2026-02-25 23:00:00+00:00,91.24210357666016
2026-02-26 00:00:00+00:00,75.894775390625
2026-02-26 01:00:00+00:00,75.38136291503906
2026-02-26 02:00:00+00:00,75.79846954345703
2026-02-26 03:00:00+00:00,75.3402099609375
2026-02-26 04:00:00+00:00,80.44837951660156
2026-02-26 05:00:00+00:00,93.64305877685547
2026-02-26 06:00:00+00:00,109.36882019042969
2026-02-26 07:00:00+00:00,116.4077377319336
2026-02-26 08:00:00+00:00,111.06432342529297
2026-02-26 09:00:00+00:00,100.6605453491211
2026-02-26 10:00:00+00:00,90.86189270019531
2026-02-26 11:00:00+00:00,83.17498016357422
2026-02-26 12:00:00+00:00,81.83248138427734
2026-02-26 13:00:00+00:00,84.1004638671875
2026-02-26 14:00:00+00:00,91.90455627441406
2026-02-26 15:00:00+00:00,104.5304946899414
2026-02-26 16:00:00+00:00,119.08538818359375
2026-02-26 17:00:00+00:00,122.80814361572266
2026-02-26 18:00:00+00:00,112.37728881835938
2026-02-26 19:00:00+00:00,100.32365417480469
2026-02-26 20:00:00+00:00,94.87931060791016
2026-02-26 21:00:00+00:00,90.63675689697266
2026-02-26 22:00:00+00:00,84.2096176147461
2026-02-26 23:00:00+00:00,81.24239349365234
2026-02-27 00:00:00+00:00,54.355125427246094
2026-02-27 01:00:00+00:00,52.982757568359375
2026-02-27 02:00:00+00:00,52.803367614746094
2026-02-27 03:00:00+00:00,53.67755889892578
2026-02-27 04:00:00+00:00,62.22015380859375
2026-02-27 05:00:00+00:00,85.0219955444336
2026-02-27 06:00:00+00:00,102.5129623413086
2026-02-27 07:00:00+00:00,103.39046478271484
2026-02-27 08:00:00+00:00,92.82698822021484
2026-02-27 09:00:00+00:00,79.18173217773438
2026-02-27 10:00:00+00:00,66.59095764160156
2026-02-27 11:00:00+00:00,53.50193405151367
2026-02-27 12:00:00+00:00,50.33087158203125
2026-02-27 13:00:00+00:00,62.24959945678711
2026-02-27 14:00:00+00:00,80.6662826538086
2026-02-27 15:00:00+00:00,97.14297485351562
2026-02-27 16:00:00+00:00,112.36903381347656
2026-02-27 17:00:00+00:00,114.45618438720703
2026-02-27 18:00:00+00:00,105.78179168701172
2026-02-27 19:00:00+00:00,95.76335906982422
2026-02-27 20:00:00+00:00,89.06391143798828
2026-02-27 21:00:00+00:00,83.59677124023438
2026-02-27 22:00:00+00:00,75.95307159423828
2026-02-27 23:00:00+00:00,71.19404602050781
2026-02-28 00:00:00+00:00,81.22821807861328
2026-02-28 01:00:00+00:00,80.6956787109375
2026-02-28 02:00:00+00:00,80.78797912597656
2026-02-28 03:00:00+00:00,80.851806640625
2026-02-28 04:00:00+00:00,81.55390167236328
2026-02-28 05:00:00+00:00,83.81471252441406
2026-02-28 06:00:00+00:00,88.68177795410156
2026-02-28 07:00:00+00:00,92.33013153076172
2026-02-28 08:00:00+00:00,91.83529663085938
2026-02-28 09:00:00+00:00,87.2159652709961
2026-02-28 10:00:00+00:00,80.83675384521484
2026-02-28 11:00:00+00:00,74.53144836425781
2026-02-28 12:00:00+00:00,73.09062194824219
2026-02-28 13:00:00+00:00,76.7630386352539
2026-02-28 14:00:00+00:00,88.52290344238281
2026-02-28 15:00:00+00:00,102.9592514038086
2026-02-28 16:00:00+00:00,118.75176239013672
2026-02-28 17:00:00+00:00,123.14273071289062
2026-02-28 18:00:00+00:00,116.80011749267578
2026-02-28 19:00:00+00:00,107.30769348144531
2026-02-28 20:00:00+00:00,100.25301361083984
2026-02-28 21:00:00+00:00,96.25025177001953
2026-02-28 22:00:00+00:00,90.37957763671875
2026-02-28 23:00:00+00:00,86.17285919189453
2026-03-01 00:00:00+00:00,44.08952713012695
2026-03-01 01:00:00+00:00,41.030094146728516
2026-03-01 02:00:00+00:00,40.357486724853516
2026-03-01 03:00:00+00:00,39.558494567871094
2026-03-01 04:00:00+00:00,39.327030181884766
2026-03-01 05:00:00+00:00,38.59763717651367
2026-03-01 06:00:00+00:00,39.22511672973633
2026-03-01 07:00:00+00:00,36.791988372802734
2026-03-01 08:00:00+00:00,30.728736877441406
2026-03-01 09:00:00+00:00,24.141571044921875
2026-03-01 10:00:00+00:00,18.700714111328125
2026-03-01 11:00:00+00:00,13.89447021484375
2026-03-01 12:00:00+00:00,11.773086547851562
2026-03-01 13:00:00+00:00,14.9544677734375
2026-03-01 14:00:00+00:00,30.179977416992188
2026-03-01 15:00:00+00:00,57.1369743347168
2026-03-01 16:00:00+00:00,83.70806884765625
2026-03-01 17:00:00+00:00,91.78324890136719
2026-03-01 18:00:00+00:00,85.88273620605469
2026-03-01 19:00:00+00:00,77.67757415771484
2026-03-01 20:00:00+00:00,75.02735900878906
2026-03-01 21:00:00+00:00,72.43136596679688
2026-03-01 22:00:00+00:00,66.23677062988281
2026-03-01 23:00:00+00:00,60.654266357421875
2026-03-02 00:00:00+00:00,60.8009147644043
2026-03-02 01:00:00+00:00,61.204200744628906
2026-03-02 02:00:00+00:00,62.678001403808594
2026-03-02 03:00:00+00:00,64.83050537109375
2026-03-02 04:00:00+00:00,72.02182006835938
2026-03-02 05:00:00+00:00,87.66041564941406
2026-03-02 06:00:00+00:00,99.3431396484375
2026-03-02 07:00:00+00:00,94.03998565673828
2026-03-02 08:00:00+00:00,77.42096710205078
2026-03-02 09:00:00+00:00,56.88837814331055
2026-03-02 10:00:00+00:00,39.23148727416992
2026-03-02 11:00:00+00:00,27.564590454101562
2026-03-02 12:00:00+00:00,23.36725616455078
2026-03-02 13:00:00+00:00,34.745399475097656
2026-03-02 14:00:00+00:00,64.96803283691406
2026-03-02 15:00:00+00:00,94.55878448486328
2026-03-02 16:00:00+00:00,113.90654754638672
2026-03-02 17:00:00+00:00,118.35260772705078
2026-03-02 18:00:00+00:00,107.91285705566406
2026-03-02 19:00:00+00:00,95.63093566894531
2026-03-02 20:00:00+00:00,89.33302307128906
2026-03-02 21:00:00+00:00,84.86256408691406
2026-03-02 22:00:00+00:00,77.03316497802734
2026-03-02 23:00:00+00:00,71.08251953125
2026-03-03 00:00:00+00:00,87.90484619140625
2026-03-03 01:00:00+00:00,87.90695190429688
2026-03-03 02:00:00+00:00,89.65860748291016
2026-03-03 03:00:00+00:00,91.57372283935547
2026-03-03 04:00:00+00:00,100.59004211425781
2026-03-03 05:00:00+00:00,122.0496597290039
2026-03-03 06:00:00+00:00,151.3743896484375
2026-03-03 07:00:00+00:00,142.82229614257812
2026-03-03 08:00:00+00:00,118.30560302734375
2026-03-03 09:00:00+00:00,97.69873809814453
2026-03-03 10:00:00+00:00,82.39544677734375
2026-03-03 11:00:00+00:00,67.0755615234375
2026-03-03 12:00:00+00:00,65.17022705078125
2026-03-03 13:00:00+00:00,75.31612396240234
2026-03-03 14:00:00+00:00,95.5458984375
2026-03-03 15:00:00+00:00,122.87947082519531
2026-03-03 16:00:00+00:00,159.04635620117188
2026-03-03 17:00:00+00:00,161.80325317382812
2026-03-03 18:00:00+00:00,134.1112518310547
2026-03-03 19:00:00+00:00,110.91841125488281
2026-03-03 20:00:00+00:00,99.97735595703125
2026-03-03 21:00:00+00:00,93.30931854248047
2026-03-03 22:00:00+00:00,86.30535888671875
2026-03-03 23:00:00+00:00,85.263916015625
2026-03-04 00:00:00+00:00,127.33698272705078
2026-03-04 01:00:00+00:00,124.51141357421875
2026-03-04 02:00:00+00:00,123.46165466308594
2026-03-04 03:00:00+00:00,125.25440979003906
2026-03-04 04:00:00+00:00,130.13414001464844
2026-03-04 05:00:00+00:00,156.24282836914062
2026-03-04 06:00:00+00:00,188.41323852539062
2026-03-04 07:00:00+00:00,174.36073303222656
2026-03-04 08:00:00+00:00,130.22769165039062
2026-03-04 09:00:00+00:00,102.26129913330078
2026-03-04 10:00:00+00:00,82.45086669921875
2026-03-04 11:00:00+00:00,67.03057861328125
2026-03-04 12:00:00+00:00,68.94136810302734
2026-03-04 13:00:00+00:00,84.88658142089844
2026-03-04 14:00:00+00:00,105.21446990966797
2026-03-04 15:00:00+00:00,131.47821044921875
2026-03-04 16:00:00+00:00,175.8938751220703
2026-03-04 17:00:00+00:00,194.54067993164062
2026-03-04 18:00:00+00:00,161.87753295898438
2026-03-04 19:00:00+00:00,128.35093688964844
2026-03-04 20:00:00+00:00,114.01910400390625
2026-03-04 21:00:00+00:00,106.94575500488281
2026-03-04 22:00:00+00:00,100.06301879882812
2026-03-04 23:00:00+00:00,106.72669982910156
2026-03-05 00:00:00+00:00,117.64714813232422
2026-03-05 01:00:00+00:00,116.63816833496094
2026-03-05 02:00:00+00:00,117.91729736328125
2026-03-05 03:00:00+00:00,122.23048400878906
2026-03-05 04:00:00+00:00,134.968017578125
2026-03-05 05:00:00+00:00,173.9121551513672
2026-03-05 06:00:00+00:00,205.70909118652344
2026-03-05 07:00:00+00:00,173.86477661132812
2026-03-05 08:00:00+00:00,127.92906188964844
2026-03-05 09:00:00+00:00,95.03450012207031
2026-03-05 10:00:00+00:00,67.49671936035156
2026-03-05 11:00:00+00:00,39.39543151855469
2026-03-05 12:00:00+00:00,36.33318328857422
2026-03-05 13:00:00+00:00,63.6353759765625
2026-03-05 14:00:00+00:00,94.7975845336914
2026-03-05 15:00:00+00:00,132.64141845703125
2026-03-05 16:00:00+00:00,194.2733154296875
2026-03-05 17:00:00+00:00,226.5096893310547
2026-03-05 18:00:00+00:00,187.01068115234375
2026-03-05 19:00:00+00:00,145.4995880126953
2026-03-05 20:00:00+00:00,128.83326721191406
2026-03-05 21:00:00+00:00,117.1976318359375
2026-03-05 22:00:00+00:00,105.41326141357422
2026-03-05 23:00:00+00:00,106.41519927978516
2026-03-06 00:00:00+00:00,97.59303283691406
2026-03-06 01:00:00+00:00,95.73184967041016
2026-03-06 02:00:00+00:00,96.20437622070312
2026-03-06 03:00:00+00:00,98.6119384765625
2026-03-06 04:00:00+00:00,107.58247375488281
2026-03-06 05:00:00+00:00,129.74530029296875
2026-03-06 06:00:00+00:00,149.80418395996094
2026-03-06 07:00:00+00:00,126.35032653808594
2026-03-06 08:00:00+00:00,89.7808837890625
2026-03-06 09:00:00+00:00,56.433433532714844
2026-03-06 10:00:00+00:00,25.89405059814453
2026-03-06 11:00:00+00:00,7.706703186035156
2026-03-06 12:00:00+00:00,7.807502746582031
2026-03-06 13:00:00+00:00,33.27872848510742
2026-03-06 14:00:00+00:00,79.99907684326172
2026-03-06 15:00:00+00:00,122.1273422241211
2026-03-06 16:00:00+00:00,165.2399139404297
2026-03-06 17:00:00+00:00,175.06668090820312
2026-03-06 18:00:00+00:00,151.32400512695312
2026-03-06 19:00:00+00:00,125.1280517578125
2026-03-06 20:00:00+00:00,114.85311126708984
2026-03-06 21:00:00+00:00,111.68811798095703
2026-03-06 22:00:00+00:00,102.83885955810547
2026-03-06 23:00:00+00:00,94.23857879638672
2026-03-07 00:00:00+00:00,142.11399841308594
2026-03-07 01:00:00+00:00,139.7664794921875
2026-03-07 02:00:00+00:00,136.70848083496094
2026-03-07 03:00:00+00:00,135.17800903320312
2026-03-07 04:00:00+00:00,136.9676513671875
2026-03-07 05:00:00+00:00,145.6768798828125
2026-03-07 06:00:00+00:00,150.4264373779297
2026-03-07 07:00:00+00:00,130.56898498535156
2026-03-07 08:00:00+00:00,103.99182891845703
2026-03-07 09:00:00+00:00,84.56615447998047
2026-03-07 10:00:00+00:00,71.22819519042969
2026-03-07 11:00:00+00:00,60.82242202758789
2026-03-07 12:00:00+00:00,57.49717330932617
2026-03-07 13:00:00+00:00,65.61033630371094
2026-03-07 14:00:00+00:00,89.25578308105469
2026-03-07 15:00:00+00:00,127.85671997070312
2026-03-07 16:00:00+00:00,171.76248168945312
2026-03-07 17:00:00+00:00,189.4232177734375
2026-03-07 18:00:00+00:00,167.21194458007812
2026-03-07 19:00:00+00:00,142.97247314453125
2026-03-07 20:00:00+00:00,134.23068237304688
2026-03-07 21:00:00+00:00,129.40106201171875
2026-03-07 22:00:00+00:00,124.26445007324219
2026-03-07 23:00:00+00:00,121.6490478515625
2026-03-08 00:00:00+00:00,138.76431274414062
2026-03-08 01:00:00+00:00,136.03094482421875
2026-03-08 02:00:00+00:00,134.04519653320312
2026-03-08 03:00:00+00:00,133.21632385253906
2026-03-08 04:00:00+00:00,133.8311004638672
2026-03-08 05:00:00+00:00,134.73394775390625
2026-03-08 06:00:00+00:00,129.93402099609375
2026-03-08 07:00:00+00:00,113.63296508789062
2026-03-08 08:00:00+00:00,90.08609008789062
2026-03-08 09:00:00+00:00,64.41810607910156
2026-03-08 10:00:00+00:00,44.02128219604492
2026-03-08 11:00:00+00:00,31.200027465820312
2026-03-08 12:00:00+00:00,25.047080993652344
2026-03-08 13:00:00+00:00,33.61345291137695
2026-03-08 14:00:00+00:00,69.78221893310547
2026-03-08 15:00:00+00:00,110.8390884399414
2026-03-08 16:00:00+00:00,150.85797119140625
2026-03-08 17:00:00+00:00,181.07131958007812
2026-03-08 18:00:00+00:00,163.6223907470703
2026-03-08 19:00:00+00:00,142.72299194335938
2026-03-08 20:00:00+00:00,134.71011352539062
2026-03-08 21:00:00+00:00,128.8684844970703
2026-03-08 22:00:00+00:00,122.24617004394531
2026-03-08 23:00:00+00:00,121.46894836425781
2026-03-09 00:00:00+00:00,117.43548583984375
2026-03-09 01:00:00+00:00,117.07418823242188
2026-03-09 02:00:00+00:00,116.94295501708984
2026-03-09 03:00:00+00:00,120.10200500488281
2026-03-09 04:00:00+00:00,128.5738525390625
2026-03-09 05:00:00+00:00,147.74546813964844
2026-03-09 06:00:00+00:00,165.0505828857422
2026-03-09 07:00:00+00:00,145.41485595703125
2026-03-09 08:00:00+00:00,116.25230407714844
2026-03-09 09:00:00+00:00,88.7801742553711
2026-03-09 10:00:00+00:00,55.32454299926758
2026-03-09 11:00:00+00:00,32.77030944824219
2026-03-09 12:00:00+00:00,31.17560577392578
2026-03-09 13:00:00+00:00,60.39936065673828
2026-03-09 14:00:00+00:00,102.2761001586914
2026-03-09 15:00:00+00:00,136.9380645751953
2026-03-09 16:00:00+00:00,174.53189086914062
2026-03-09 17:00:00+00:00,193.76234436035156
2026-03-09 18:00:00+00:00,168.48297119140625
2026-03-09 19:00:00+00:00,141.1929168701172
2026-03-09 20:00:00+00:00,131.4991455078125
2026-03-09 21:00:00+00:00,125.12599182128906
2026-03-09 22:00:00+00:00,118.50189971923828
2026-03-09 23:00:00+00:00,116.40992736816406
2026-03-10 00:00:00+00:00,135.26026916503906
2026-03-10 01:00:00+00:00,132.63748168945312
2026-03-10 02:00:00+00:00,131.669921875
2026-03-10 03:00:00+00:00,135.73252868652344
2026-03-10 04:00:00+00:00,147.0735321044922
2026-03-10 05:00:00+00:00,179.905517578125
2026-03-10 06:00:00+00:00,205.88722229003906
2026-03-10 07:00:00+00:00,179.47857666015625
2026-03-10 08:00:00+00:00,139.908203125
2026-03-10 09:00:00+00:00,111.52910614013672
2026-03-10 10:00:00+00:00,84.7006607055664
2026-03-10 11:00:00+00:00,64.84866333007812
2026-03-10 12:00:00+00:00,61.75212860107422
2026-03-10 13:00:00+00:00,84.17206573486328
2026-03-10 14:00:00+00:00,117.72425842285156
2026-03-10 15:00:00+00:00,148.99591064453125
2026-03-10 16:00:00+00:00,197.78955078125
2026-03-10 17:00:00+00:00,235.40188598632812
2026-03-10 18:00:00+00:00,201.94842529296875
2026-03-10 19:00:00+00:00,161.37863159179688
2026-03-10 20:00:00+00:00,143.140380859375
2026-03-10 21:00:00+00:00,134.67440795898438
2026-03-10 22:00:00+00:00,126.353515625
2026-03-10 23:00:00+00:00,127.6259994506836
2026-03-11 00:00:00+00:00,76.71588897705078
2026-03-11 01:00:00+00:00,75.03894805908203
2026-03-11 02:00:00+00:00,75.44540405273438
2026-03-11 03:00:00+00:00,78.20684814453125
2026-03-11 04:00:00+00:00,89.63106536865234
2026-03-11 05:00:00+00:00,113.7591552734375
2026-03-11 06:00:00+00:00,135.96078491210938
2026-03-11 07:00:00+00:00,130.89483642578125
2026-03-11 08:00:00+00:00,110.80313873291016
2026-03-11 09:00:00+00:00,88.5673599243164
2026-03-11 10:00:00+00:00,68.67950439453125
2026-03-11 11:00:00+00:00,55.72555160522461
2026-03-11 12:00:00+00:00,55.53826904296875
2026-03-11 13:00:00+00:00,69.73516845703125
2026-03-11 14:00:00+00:00,93.64990234375
2026-03-11 15:00:00+00:00,116.87562561035156
2026-03-11 16:00:00+00:00,149.3151397705078
2026-03-11 17:00:00+00:00,173.6332244873047
2026-03-11 18:00:00+00:00,153.3643798828125
2026-03-11 19:00:00+00:00,128.10455322265625
2026-03-11 20:00:00+00:00,114.82255554199219
2026-03-11 21:00:00+00:00,107.19620513916016
2026-03-11 22:00:00+00:00,96.12317657470703
2026-03-11 23:00:00+00:00,90.411865234375
2026-03-12 00:00:00+00:00,93.9966049194336
2026-03-12 01:00:00+00:00,92.72875213623047
2026-03-12 02:00:00+00:00,93.10514068603516
2026-03-12 03:00:00+00:00,95.27473449707031
2026-03-12 04:00:00+00:00,104.98574829101562
2026-03-12 05:00:00+00:00,124.00775146484375
2026-03-12 06:00:00+00:00,138.28619384765625
2026-03-12 07:00:00+00:00,128.3271942138672
2026-03-12 08:00:00+00:00,105.32845306396484
2026-03-12 09:00:00+00:00,83.92658233642578
2026-03-12 10:00:00+00:00,65.05570220947266
2026-03-12 11:00:00+00:00,52.98021697998047
2026-03-12 12:00:00+00:00,53.42652893066406
2026-03-12 13:00:00+00:00,71.79411315917969
2026-03-12 14:00:00+00:00,98.67185974121094
2026-03-12 15:00:00+00:00,122.15294647216797
2026-03-12 16:00:00+00:00,154.48519897460938
2026-03-12 17:00:00+00:00,176.468017578125
2026-03-12 18:00:00+00:00,162.77099609375
2026-03-12 19:00:00+00:00,136.2967529296875
2026-03-12 20:00:00+00:00,123.31527709960938
2026-03-12 21:00:00+00:00,116.84603118896484
2026-03-12 22:00:00+00:00,106.89031219482422
2026-03-12 23:00:00+00:00,101.60031127929688
2026-03-13 00:00:00+00:00,7.773765563964844
2026-03-13 01:00:00+00:00,7.449607849121094
2026-03-13 02:00:00+00:00,9.733871459960938
2026-03-13 03:00:00+00:00,13.208938598632812
2026-03-13 04:00:00+00:00,26.941574096679688
2026-03-13 05:00:00+00:00,53.77705383300781
2026-03-13 06:00:00+00:00,72.96350860595703
2026-03-13 07:00:00+00:00,64.03840637207031
2026-03-13 08:00:00+00:00,38.7674674987793
2026-03-13 09:00:00+00:00,10.840118408203125
2026-03-13 10:00:00+00:00,-3.5412979125976562
2026-03-13 11:00:00+00:00,-7.951080322265625
2026-03-13 12:00:00+00:00,-8.271705627441406
2026-03-13 13:00:00+00:00,1.0300445556640625
2026-03-13 14:00:00+00:00,28.44261932373047
2026-03-13 15:00:00+00:00,66.75431823730469
2026-03-13 16:00:00+00:00,104.50828552246094
2026-03-13 17:00:00+00:00,114.14458465576172
2026-03-13 18:00:00+00:00,105.38481140136719
2026-03-13 19:00:00+00:00,90.1086654663086
2026-03-13 20:00:00+00:00,78.60795593261719
2026-03-13 21:00:00+00:00,69.07363891601562
2026-03-13 22:00:00+00:00,58.90666580200195
2026-03-13 23:00:00+00:00,53.59206771850586
2026-03-14 00:00:00+00:00,108.2421875
2026-03-14 01:00:00+00:00,104.84580993652344
2026-03-14 02:00:00+00:00,103.80075073242188
2026-03-14 03:00:00+00:00,103.96623992919922
2026-03-14 04:00:00+00:00,106.7734603881836
2026-03-14 05:00:00+00:00,109.91321563720703
2026-03-14 06:00:00+00:00,109.81600189208984
2026-03-14 07:00:00+00:00,101.2896499633789
2026-03-14 08:00:00+00:00,84.30814361572266
2026-03-14 09:00:00+00:00,59.558223724365234
2026-03-14 10:00:00+00:00,36.56074905395508
2026-03-14 11:00:00+00:00,23.611282348632812
2026-03-14 12:00:00+00:00,18.85828399658203
2026-03-14 13:00:00+00:00,28.382305145263672
2026-03-14 14:00:00+00:00,73.40170288085938
2026-03-14 15:00:00+00:00,113.07769775390625
2026-03-14 16:00:00+00:00,144.45867919921875
2026-03-14 17:00:00+00:00,162.8680419921875
2026-03-14 18:00:00+00:00,154.82485961914062
2026-03-14 19:00:00+00:00,139.53440856933594
2026-03-14 20:00:00+00:00,127.78367614746094
2026-03-14 21:00:00+00:00,120.09893798828125
2026-03-14 22:00:00+00:00,113.9119873046875
2026-03-14 23:00:00+00:00,108.59935760498047
2026-03-15 00:00:00+00:00,137.23248291015625
2026-03-15 01:00:00+00:00,133.53378295898438
2026-03-15 02:00:00+00:00,130.11984252929688
2026-03-15 03:00:00+00:00,129.32460021972656
2026-03-15 04:00:00+00:00,129.53787231445312
2026-03-15 05:00:00+00:00,130.07467651367188
2026-03-15 06:00:00+00:00,129.77325439453125
2026-03-15 07:00:00+00:00,125.56165313720703
2026-03-15 08:00:00+00:00,117.89152526855469
2026-03-15 09:00:00+00:00,105.50208282470703
2026-03-15 10:00:00+00:00,94.02251434326172
2026-03-15 11:00:00+00:00,85.58596801757812
2026-03-15 12:00:00+00:00,83.39665985107422
2026-03-15 13:00:00+00:00,87.68095397949219
2026-03-15 14:00:00+00:00,104.10836791992188
2026-03-15 15:00:00+00:00,123.67346954345703
2026-03-15 16:00:00+00:00,145.11099243164062
2026-03-15 17:00:00+00:00,162.9022979736328
2026-03-15 18:00:00+00:00,157.24627685546875
2026-03-15 19:00:00+00:00,139.95599365234375
2026-03-15 20:00:00+00:00,131.9659423828125
2026-03-15 21:00:00+00:00,126.29879760742188
2026-03-15 22:00:00+00:00,121.92710876464844
2026-03-15 23:00:00+00:00,120.22537994384766
2026-03-16 00:00:00+00:00,17.313491821289062
2026-03-16 01:00:00+00:00,12.186531066894531
2026-03-16 02:00:00+00:00,12.664306640625
2026-03-16 03:00:00+00:00,14.533164978027344
2026-03-16 04:00:00+00:00,23.86540985107422
2026-03-16 05:00:00+00:00,47.870933532714844
2026-03-16 06:00:00+00:00,69.12667846679688
2026-03-16 07:00:00+00:00,62.768592834472656
2026-03-16 08:00:00+00:00,43.64826583862305
2026-03-16 09:00:00+00:00,22.592201232910156
2026-03-16 10:00:00+00:00,10.141365051269531
2026-03-16 11:00:00+00:00,4.422370910644531
2026-03-16 12:00:00+00:00,2.5036773681640625
2026-03-16 13:00:00+00:00,11.995269775390625
2026-03-16 14:00:00+00:00,39.174964904785156
2026-03-16 15:00:00+00:00,77.54592895507812
2026-03-16 16:00:00+00:00,116.6966781616211
2026-03-16 17:00:00+00:00,132.96942138671875
2026-03-16 18:00:00+00:00,122.32100677490234
2026-03-16 19:00:00+00:00,103.74205780029297
2026-03-16 20:00:00+00:00,93.65751647949219
2026-03-16 21:00:00+00:00,84.78290557861328
2026-03-16 22:00:00+00:00,70.8768310546875
2026-03-16 23:00:00+00:00,59.4767951965332
2026-03-17 00:00:00+00:00,113.87153625488281
2026-03-17 01:00:00+00:00,112.6147689819336
2026-03-17 02:00:00+00:00,112.38689422607422
2026-03-17 03:00:00+00:00,115.28306579589844
2026-03-17 04:00:00+00:00,127.51181030273438
2026-03-17 05:00:00+00:00,150.89923095703125
2026-03-17 06:00:00+00:00,169.22653198242188
2026-03-17 07:00:00+00:00,155.87071228027344
2026-03-17 08:00:00+00:00,127.07294464111328
2026-03-17 09:00:00+00:00,103.60042572021484
2026-03-17 10:00:00+00:00,83.83665466308594
2026-03-17 11:00:00+00:00,69.93978118896484
2026-03-17 12:00:00+00:00,69.63513946533203
2026-03-17 13:00:00+00:00,84.07838439941406
2026-03-17 14:00:00+00:00,108.2215347290039
2026-03-17 15:00:00+00:00,136.1121368408203
2026-03-17 16:00:00+00:00,172.85781860351562
2026-03-17 17:00:00+00:00,200.18382263183594
2026-03-17 18:00:00+00:00,187.5432891845703
2026-03-17 19:00:00+00:00,156.16062927246094
2026-03-17 20:00:00+00:00,137.77316284179688
2026-03-17 21:00:00+00:00,127.86284637451172
2026-03-17 22:00:00+00:00,117.4391098022461
2026-03-17 23:00:00+00:00,115.17060852050781
2026-03-18 00:00:00+00:00,85.90293884277344
2026-03-18 01:00:00+00:00,82.9848861694336
2026-03-18 02:00:00+00:00,82.77664947509766
2026-03-18 03:00:00+00:00,82.72113037109375
2026-03-18 04:00:00+00:00,92.4692153930664
2026-03-18 05:00:00+00:00,112.81825256347656
2026-03-18 06:00:00+00:00,129.4829864501953
2026-03-18 07:00:00+00:00,123.2854995727539
2026-03-18 08:00:00+00:00,103.20421600341797
2026-03-18 09:00:00+00:00,83.27202606201172
2026-03-18 10:00:00+00:00,68.32301330566406
2026-03-18 11:00:00+00:00,59.88282012939453
2026-03-18 12:00:00+00:00,60.2205924987793
2026-03-18 13:00:00+00:00,70.44105529785156
2026-03-18 14:00:00+00:00,88.52365112304688
2026-03-18 15:00:00+00:00,109.59255981445312
2026-03-18 16:00:00+00:00,143.6972198486328
2026-03-18 17:00:00+00:00,171.646484375
2026-03-18 18:00:00+00:00,155.8838653564453
2026-03-18 19:00:00+00:00,129.89190673828125
2026-03-18 20:00:00+00:00,115.96578216552734
2026-03-18 21:00:00+00:00,107.51126098632812
2026-03-18 22:00:00+00:00,95.58928680419922
2026-03-18 23:00:00+00:00,90.87400817871094
2026-03-19 00:00:00+00:00,108.40281677246094
2026-03-19 01:00:00+00:00,106.0044174194336
2026-03-19 02:00:00+00:00,105.93486022949219
2026-03-19 03:00:00+00:00,108.076171875
2026-03-19 04:00:00+00:00,120.02835083007812
2026-03-19 05:00:00+00:00,143.0757598876953
2026-03-19 06:00:00+00:00,158.70091247558594
2026-03-19 07:00:00+00:00,139.1527862548828
2026-03-19 08:00:00+00:00,109.12867736816406
2026-03-19 09:00:00+00:00,81.88340759277344
2026-03-19 10:00:00+00:00,62.09771728515625
2026-03-19 11:00:00+00:00,51.42074966430664
2026-03-19 12:00:00+00:00,50.97615432739258
2026-03-19 13:00:00+00:00,65.32937622070312
2026-03-19 14:00:00+00:00,93.913818359375
2026-03-19 15:00:00+00:00,125.11410522460938
2026-03-19 16:00:00+00:00,162.3037872314453
2026-03-19 17:00:00+00:00,192.0137939453125
2026-03-19 18:00:00+00:00,175.88925170898438
2026-03-19 19:00:00+00:00,147.67771911621094
2026-03-19 20:00:00+00:00,131.47909545898438
2026-03-19 21:00:00+00:00,122.21416473388672
2026-03-19 22:00:00+00:00,111.52078247070312
2026-03-19 23:00:00+00:00,106.92835235595703
2026-03-20 00:00:00+00:00,144.5821075439453
2026-03-20 01:00:00+00:00,142.05325317382812
2026-03-20 02:00:00+00:00,140.79177856445312
2026-03-20 03:00:00+00:00,143.1698760986328
2026-03-20 04:00:00+00:00,150.59188842773438
2026-03-20 05:00:00+00:00,174.53004455566406
2026-03-20 06:00:00+00:00,181.6890411376953
2026-03-20 07:00:00+00:00,163.39532470703125
2026-03-20 08:00:00+00:00,129.81134033203125
2026-03-20 09:00:00+00:00,96.16881561279297
2026-03-20 10:00:00+00:00,67.92731475830078
2026-03-20 11:00:00+00:00,55.078948974609375
2026-03-20 12:00:00+00:00,53.64419174194336
2026-03-20 13:00:00+00:00,73.5414047241211
2026-03-20 14:00:00+00:00,109.6094970703125
2026-03-20 15:00:00+00:00,144.51666259765625
2026-03-20 16:00:00+00:00,176.83709716796875
2026-03-20 17:00:00+00:00,217.25579833984375
2026-03-20 18:00:00+00:00,204.33514404296875
2026-03-20 19:00:00+00:00,170.4425811767578
2026-03-20 20:00:00+00:00,150.69288635253906
2026-03-20 21:00:00+00:00,141.19253540039062
2026-03-20 22:00:00+00:00,137.93643188476562
2026-03-20 23:00:00+00:00,141.46958923339844
2026-03-21 00:00:00+00:00,139.99179077148438
2026-03-21 01:00:00+00:00,134.06849670410156
2026-03-21 02:00:00+00:00,132.63580322265625
2026-03-21 03:00:00+00:00,134.56561279296875
2026-03-21 04:00:00+00:00,137.8203582763672
2026-03-21 05:00:00+00:00,141.77786254882812
2026-03-21 06:00:00+00:00,140.14613342285156
2026-03-21 07:00:00+00:00,126.69385528564453
2026-03-21 08:00:00+00:00,108.89916229248047
2026-03-21 09:00:00+00:00,87.16484069824219
2026-03-21 10:00:00+00:00,63.45732116699219
2026-03-21 11:00:00+00:00,49.74938201904297
2026-03-21 12:00:00+00:00,41.29460906982422
2026-03-21 13:00:00+00:00,54.05672073364258
2026-03-21 14:00:00+00:00,90.78483581542969
2026-03-21 15:00:00+00:00,125.75068664550781
2026-03-21 16:00:00+00:00,151.71124267578125
2026-03-21 17:00:00+00:00,177.30593872070312
2026-03-21 18:00:00+00:00,174.33865356445312
2026-03-21 19:00:00+00:00,155.81222534179688
2026-03-21 20:00:00+00:00,143.71873474121094
2026-03-21 21:00:00+00:00,138.1775665283203
2026-03-21 22:00:00+00:00,135.7386932373047
2026-03-21 23:00:00+00:00,134.091796875
2026-03-22 00:00:00+00:00,99.66057586669922
2026-03-22 01:00:00+00:00,96.81863403320312
2026-03-22 02:00:00+00:00,97.38092041015625
2026-03-22 03:00:00+00:00,98.92295837402344
2026-03-22 04:00:00+00:00,101.55459594726562
2026-03-22 05:00:00+00:00,102.31443786621094
2026-03-22 06:00:00+00:00,99.3597640991211
2026-03-22 07:00:00+00:00,89.53602600097656
2026-03-22 08:00:00+00:00,72.24729919433594
2026-03-22 09:00:00+00:00,51.60892105102539
2026-03-22 10:00:00+00:00,31.37500762939453
2026-03-22 11:00:00+00:00,18.715660095214844
2026-03-22 12:00:00+00:00,14.761344909667969
2026-03-22 13:00:00+00:00,22.550865173339844
2026-03-22 14:00:00+00:00,55.27558898925781
2026-03-22 15:00:00+00:00,93.55790710449219
2026-03-22 16:00:00+00:00,127.9207763671875
2026-03-22 17:00:00+00:00,149.05140686035156
2026-03-22 18:00:00+00:00,140.81292724609375
2026-03-22 19:00:00+00:00,124.28718566894531
2026-03-22 20:00:00+00:00,114.05693817138672
2026-03-22 21:00:00+00:00,107.30158996582031
2026-03-22 22:00:00+00:00,97.90736389160156
2026-03-22 23:00:00+00:00,92.07655334472656
2026-03-23 00:00:00+00:00,125.5814437866211
2026-03-23 01:00:00+00:00,123.95628356933594
2026-03-23 02:00:00+00:00,124.90658569335938
2026-03-23 03:00:00+00:00,128.89324951171875
2026-03-23 04:00:00+00:00,140.528076171875
2026-03-23 05:00:00+00:00,164.4078369140625
2026-03-23 06:00:00+00:00,174.32510375976562
2026-03-23 07:00:00+00:00,156.68826293945312
2026-03-23 08:00:00+00:00,122.11817169189453
2026-03-23 09:00:00+00:00,91.4722900390625
2026-03-23 10:00:00+00:00,62.69944763183594
2026-03-23 11:00:00+00:00,46.85304641723633
2026-03-23 12:00:00+00:00,46.778419494628906
2026-03-23 13:00:00+00:00,72.8505630493164
2026-03-23 14:00:00+00:00,104.31278991699219
2026-03-23 15:00:00+00:00,136.09613037109375
2026-03-23 16:00:00+00:00,173.12255859375
2026-03-23 17:00:00+00:00,210.272216796875
2026-03-23 18:00:00+00:00,202.048095703125
2026-03-23 19:00:00+00:00,169.36740112304688
2026-03-23 20:00:00+00:00,152.5565643310547
2026-03-23 21:00:00+00:00,141.75181579589844
2026-03-23 22:00:00+00:00,132.9783477783203
2026-03-23 23:00:00+00:00,126.8800048828125
2026-03-24 00:00:00+00:00,138.7326202392578
2026-03-24 01:00:00+00:00,136.26416015625
2026-03-24 02:00:00+00:00,135.6523895263672
2026-03-24 03:00:00+00:00,139.17514038085938
2026-03-24 04:00:00+00:00,151.05233764648438
2026-03-24 05:00:00+00:00,181.02040100097656
2026-03-24 06:00:00+00:00,189.65267944335938
2026-03-24 07:00:00+00:00,163.72640991210938
2026-03-24 08:00:00+00:00,130.8316650390625
2026-03-24 09:00:00+00:00,102.08744049072266
2026-03-24 10:00:00+00:00,80.19544982910156
2026-03-24 11:00:00+00:00,72.08712005615234
2026-03-24 12:00:00+00:00,80.02715301513672
2026-03-24 13:00:00+00:00,95.85289764404297
2026-03-24 14:00:00+00:00,116.71741485595703
2026-03-24 15:00:00+00:00,144.46560668945312
2026-03-24 16:00:00+00:00,185.4786834716797
2026-03-24 17:00:00+00:00,237.5770263671875
2026-03-24 18:00:00+00:00,221.42698669433594
2026-03-24 19:00:00+00:00,183.07623291015625
2026-03-24 20:00:00+00:00,158.32008361816406
2026-03-24 21:00:00+00:00,143.6142578125
2026-03-24 22:00:00+00:00,133.02093505859375
2026-03-24 23:00:00+00:00,129.62155151367188
2026-03-25 00:00:00+00:00,2.0631942749023438
2026-03-25 01:00:00+00:00,1.9538803100585938
2026-03-25 02:00:00+00:00,2.0140762329101562
2026-03-25 03:00:00+00:00,2.0653533935546875
2026-03-25 04:00:00+00:00,4.194770812988281
2026-03-25 05:00:00+00:00,11.804618835449219
2026-03-25 06:00:00+00:00,29.921714782714844
2026-03-25 07:00:00+00:00,15.585189819335938
2026-03-25 08:00:00+00:00,5.430366516113281
2026-03-25 09:00:00+00:00,2.1446685791015625
2026-03-25 10:00:00+00:00,1.6085357666015625
2026-03-25 11:00:00+00:00,1.9086685180664062
2026-03-25 12:00:00+00:00,2.235992431640625
2026-03-25 13:00:00+00:00,3.2401885986328125
2026-03-25 14:00:00+00:00,10.403709411621094
2026-03-25 15:00:00+00:00,61.94487380981445
2026-03-25 16:00:00+00:00,102.7375259399414
2026-03-25 17:00:00+00:00,132.507568359375
2026-03-25 18:00:00+00:00,125.52873229980469
2026-03-25 19:00:00+00:00,99.0014877319336
2026-03-25 20:00:00+00:00,82.69682312011719
2026-03-25 21:00:00+00:00,73.46532440185547
2026-03-25 22:00:00+00:00,49.63234329223633
2026-03-25 23:00:00+00:00,37.88480758666992
2026-03-26 00:00:00+00:00,105.37448120117188
2026-03-26 01:00:00+00:00,103.75553894042969
2026-03-26 02:00:00+00:00,104.70138549804688
2026-03-26 03:00:00+00:00,109.41095733642578
2026-03-26 04:00:00+00:00,119.27259063720703
2026-03-26 05:00:00+00:00,138.2682342529297
2026-03-26 06:00:00+00:00,145.58840942382812
2026-03-26 07:00:00+00:00,124.55341339111328
2026-03-26 08:00:00+00:00,97.408935546875
2026-03-26 09:00:00+00:00,67.92756652832031
2026-03-26 10:00:00+00:00,44.606014251708984
2026-03-26 11:00:00+00:00,38.67203140258789
2026-03-26 12:00:00+00:00,45.660804748535156
2026-03-26 13:00:00+00:00,60.525184631347656
2026-03-26 14:00:00+00:00,82.56788635253906
2026-03-26 15:00:00+00:00,112.75090026855469
2026-03-26 16:00:00+00:00,151.70590209960938
2026-03-26 17:00:00+00:00,189.12863159179688
2026-03-26 18:00:00+00:00,188.13839721679688
2026-03-26 19:00:00+00:00,158.7228546142578
2026-03-26 20:00:00+00:00,139.81881713867188
2026-03-26 21:00:00+00:00,127.71035766601562
2026-03-26 22:00:00+00:00,115.88782501220703
2026-03-26 23:00:00+00:00,112.53218841552734
2026-03-27 00:00:00+00:00,118.4857177734375
2026-03-27 01:00:00+00:00,116.88689422607422
2026-03-27 02:00:00+00:00,117.30965423583984
2026-03-27 03:00:00+00:00,121.26424407958984
2026-03-27 04:00:00+00:00,127.8012924194336
2026-03-27 05:00:00+00:00,144.6564178466797
2026-03-27 06:00:00+00:00,156.24984741210938
2026-03-27 07:00:00+00:00,137.94639587402344
2026-03-27 08:00:00+00:00,106.65361785888672
2026-03-27 09:00:00+00:00,76.2198257446289
2026-03-27 10:00:00+00:00,49.240509033203125
2026-03-27 11:00:00+00:00,38.46602249145508
2026-03-27 12:00:00+00:00,39.569091796875
2026-03-27 13:00:00+00:00,57.67398452758789
2026-03-27 14:00:00+00:00,88.09439849853516
2026-03-27 15:00:00+00:00,117.34564971923828
2026-03-27 16:00:00+00:00,145.30174255371094
2026-03-27 17:00:00+00:00,178.39549255371094
2026-03-27 18:00:00+00:00,178.2059326171875
2026-03-27 19:00:00+00:00,156.21075439453125
2026-03-27 20:00:00+00:00,139.0846405029297
2026-03-27 21:00:00+00:00,129.93133544921875
2026-03-27 22:00:00+00:00,124.77928161621094
2026-03-27 23:00:00+00:00,121.82559204101562
2026-03-28 00:00:00+00:00,90.69546508789062
2026-03-28 01:00:00+00:00,86.54342651367188
2026-03-28 02:00:00+00:00,86.4195327758789
2026-03-28 03:00:00+00:00,89.67855834960938
2026-03-28 04:00:00+00:00,95.32691192626953
2026-03-28 05:00:00+00:00,98.9643325805664
2026-03-28 06:00:00+00:00,98.4647445678711
2026-03-28 07:00:00+00:00,86.49372863769531
2026-03-28 08:00:00+00:00,63.941864013671875
2026-03-28 09:00:00+00:00,40.23715591430664
2026-03-28 10:00:00+00:00,24.186737060546875
2026-03-28 11:00:00+00:00,14.0245361328125
2026-03-28 12:00:00+00:00,11.831596374511719
2026-03-28 13:00:00+00:00,22.22362518310547
2026-03-28 14:00:00+00:00,51.09125900268555
2026-03-28 15:00:00+00:00,88.04051208496094
2026-03-28 16:00:00+00:00,117.87527465820312
2026-03-28 17:00:00+00:00,140.95358276367188
2026-03-28 18:00:00+00:00,140.3496551513672
2026-03-28 19:00:00+00:00,123.46112060546875
2026-03-28 20:00:00+00:00,110.96575164794922
2026-03-28 21:00:00+00:00,105.59601593017578
2026-03-28 22:00:00+00:00,99.01200103759766
2026-03-28 23:00:00+00:00,95.06492614746094
2026-03-29 00:00:00+00:00,110.5811996459961
2026-03-29 01:00:00+00:00,106.34540557861328
2026-03-29 02:00:00+00:00,105.1030502319336
2026-03-29 03:00:00+00:00,105.58545684814453
2026-03-29 04:00:00+00:00,106.87026977539062
2026-03-29 05:00:00+00:00,104.5179443359375
2026-03-29 06:00:00+00:00,97.69270324707031
2026-03-29 07:00:00+00:00,83.4041519165039
2026-03-29 08:00:00+00:00,63.47679901123047
2026-03-29 09:00:00+00:00,41.90257263183594
2026-03-29 10:00:00+00:00,25.892127990722656
2026-03-29 11:00:00+00:00,13.984512329101562
2026-03-29 12:00:00+00:00,10.372100830078125
2026-03-29 13:00:00+00:00,15.041900634765625
2026-03-29 14:00:00+00:00,43.39216995239258
2026-03-29 15:00:00+00:00,87.54490661621094
2026-03-29 16:00:00+00:00,120.81614685058594
2026-03-29 17:00:00+00:00,147.6901092529297
2026-03-29 18:00:00+00:00,149.2353515625
2026-03-29 19:00:00+00:00,133.0724334716797
2026-03-29 20:00:00+00:00,122.37258911132812
2026-03-29 21:00:00+00:00,115.70257568359375
2026-03-29 22:00:00+00:00,109.0607681274414
2026-03-29 23:00:00+00:00,102.94601440429688
2026-03-30 00:00:00+00:00,0.45966339111328125
2026-03-30 01:00:00+00:00,0.27309417724609375
2026-03-30 02:00:00+00:00,0.8721237182617188
2026-03-30 03:00:00+00:00,1.6338882446289062
2026-03-30 04:00:00+00:00,5.736610412597656
2026-03-30 05:00:00+00:00,13.350975036621094
2026-03-30 06:00:00+00:00,26.228355407714844
2026-03-30 07:00:00+00:00,22.223480224609375
2026-03-30 08:00:00+00:00,13.822090148925781
2026-03-30 09:00:00+00:00,5.40826416015625
2026-03-30 10:00:00+00:00,1.9276809692382812
2026-03-30 11:00:00+00:00,2.3939895629882812
2026-03-30 12:00:00+00:00,2.4981460571289062
2026-03-30 13:00:00+00:00,7.9177093505859375
2026-03-30 14:00:00+00:00,17.15210723876953
2026-03-30 15:00:00+00:00,63.812286376953125
2026-03-30 16:00:00+00:00,109.97051239013672
2026-03-30 17:00:00+00:00,137.1326141357422
2026-03-30 18:00:00+00:00,144.37899780273438
2026-03-30 19:00:00+00:00,123.10870361328125
2026-03-30 20:00:00+00:00,108.50042724609375
2026-03-30 21:00:00+00:00,96.70452117919922
2026-03-30 22:00:00+00:00,81.66256713867188
2026-03-30 23:00:00+00:00,77.1262435913086
2026-03-31 00:00:00+00:00,96.82872772216797
2026-03-31 01:00:00+00:00,93.76010131835938
2026-03-31 02:00:00+00:00,95.1680908203125
2026-03-31 03:00:00+00:00,98.58875274658203
2026-03-31 04:00:00+00:00,108.97483825683594
2026-03-31 05:00:00+00:00,127.34101104736328
2026-03-31 06:00:00+00:00,138.6703338623047
2026-03-31 07:00:00+00:00,122.90380096435547
2026-03-31 08:00:00+00:00,94.5264663696289
2026-03-31 09:00:00+00:00,67.84053802490234
2026-03-31 10:00:00+00:00,46.62605667114258
2026-03-31 11:00:00+00:00,38.46393585205078
2026-03-31 12:00:00+00:00,39.97104263305664
2026-03-31 13:00:00+00:00,52.72757339477539
2026-03-31 14:00:00+00:00,74.74661254882812
2026-03-31 15:00:00+00:00,100.93840789794922
2026-03-31 16:00:00+00:00,134.57257080078125
2026-03-31 17:00:00+00:00,166.44387817382812
2026-03-31 18:00:00+00:00,162.2271728515625
2026-03-31 19:00:00+00:00,139.0935516357422
2026-03-31 20:00:00+00:00,125.33006286621094
2026-03-31 21:00:00+00:00,115.392578125
2026-03-31 22:00:00+00:00,105.03036499023438
2026-03-31 23:00:00+00:00,101.56088256835938
2026-04-01 00:00:00+00:00,123.0226821899414
2026-04-01 01:00:00+00:00,118.79084014892578
2026-04-01 02:00:00+00:00,117.67637634277344
2026-04-01 03:00:00+00:00,120.91349792480469
2026-04-01 04:00:00+00:00,133.97052001953125
2026-04-01 05:00:00+00:00,151.37203979492188
2026-04-01 06:00:00+00:00,159.49703979492188
2026-04-01 07:00:00+00:00,134.7750244140625
2026-04-01 08:00:00+00:00,103.96944427490234
2026-04-01 09:00:00+00:00,73.23257446289062
2026-04-01 10:00:00+00:00,54.10841369628906
2026-04-01 11:00:00+00:00,42.489112854003906
2026-04-01 12:00:00+00:00,42.89988327026367
2026-04-01 13:00:00+00:00,56.121456146240234
2026-04-01 14:00:00+00:00,79.7723388671875
2026-04-01 15:00:00+00:00,109.73747253417969
2026-04-01 16:00:00+00:00,144.550048828125
2026-04-01 17:00:00+00:00,177.52731323242188
2026-04-01 18:00:00+00:00,177.98297119140625
2026-04-01 19:00:00+00:00,158.75531005859375
2026-04-01 20:00:00+00:00,141.63694763183594
2026-04-01 21:00:00+00:00,131.29116821289062
2026-04-01 22:00:00+00:00,123.80123901367188
2026-04-01 23:00:00+00:00,116.8808822631836
2026-04-02 00:00:00+00:00,114.36363220214844
2026-04-02 01:00:00+00:00,112.72626495361328
2026-04-02 02:00:00+00:00,113.4785385131836
2026-04-02 03:00:00+00:00,118.11935424804688
2026-04-02 04:00:00+00:00,135.43572998046875
2026-04-02 05:00:00+00:00,157.74429321289062
2026-04-02 06:00:00+00:00,160.49635314941406
2026-04-02 07:00:00+00:00,135.58544921875
2026-04-02 08:00:00+00:00,104.90535736083984
2026-04-02 09:00:00+00:00,82.58586120605469
2026-04-02 10:00:00+00:00,64.77182006835938
2026-04-02 11:00:00+00:00,47.43146896362305
2026-04-02 12:00:00+00:00,42.568973541259766
2026-04-02 13:00:00+00:00,56.138275146484375
2026-04-02 14:00:00+00:00,79.34690856933594
2026-04-02 15:00:00+00:00,105.87471771240234
2026-04-02 16:00:00+00:00,138.5140838623047
2026-04-02 17:00:00+00:00,174.39781188964844
2026-04-02 18:00:00+00:00,172.67727661132812
2026-04-02 19:00:00+00:00,151.90765380859375
2026-04-02 20:00:00+00:00,136.59893798828125
2026-04-02 21:00:00+00:00,126.41215515136719
2026-04-02 22:00:00+00:00,117.518798828125
2026-04-02 23:00:00+00:00,110.47245025634766
2026-04-03 00:00:00+00:00,117.4298324584961
2026-04-03 01:00:00+00:00,115.14443969726562
2026-04-03 02:00:00+00:00,115.28227233886719
2026-04-03 03:00:00+00:00,120.84196472167969
2026-04-03 04:00:00+00:00,139.60635375976562
2026-04-03 05:00:00+00:00,155.12481689453125
2026-04-03 06:00:00+00:00,156.28709411621094
2026-04-03 07:00:00+00:00,129.7074432373047
2026-04-03 08:00:00+00:00,104.74158477783203
2026-04-03 09:00:00+00:00,83.71436309814453
2026-04-03 10:00:00+00:00,69.470458984375
2026-04-03 11:00:00+00:00,53.242061614990234
2026-04-03 12:00:00+00:00,53.98845672607422
2026-04-03 13:00:00+00:00,67.07064819335938
2026-04-03 14:00:00+00:00,86.58656311035156
2026-04-03 15:00:00+00:00,109.66136169433594
2026-04-03 16:00:00+00:00,141.0134735107422
2026-04-03 17:00:00+00:00,170.45846557617188
2026-04-03 18:00:00+00:00,169.79843139648438
2026-04-03 19:00:00+00:00,151.4308319091797
2026-04-03 20:00:00+00:00,135.7836456298828
2026-04-03 21:00:00+00:00,128.30076599121094
2026-04-03 22:00:00+00:00,125.11570739746094
2026-04-03 23:00:00+00:00,119.44428253173828
2026-04-04 00:00:00+00:00,4.0674896240234375
2026-04-04 01:00:00+00:00,3.8299026489257812
2026-04-04 02:00:00+00:00,4.5577545166015625
2026-04-04 03:00:00+00:00,6.467498779296875
2026-04-04 04:00:00+00:00,12.263046264648438
2026-04-04 05:00:00+00:00,19.8988037109375
2026-04-04 06:00:00+00:00,22.4427490234375
2026-04-04 07:00:00+00:00,15.509750366210938
2026-04-04 08:00:00+00:00,9.876518249511719
2026-04-04 09:00:00+00:00,5.652275085449219
2026-04-04 10:00:00+00:00,3.3394622802734375
2026-04-04 11:00:00+00:00,3.845489501953125
2026-04-04 12:00:00+00:00,3.7917404174804688
2026-04-04 13:00:00+00:00,5.615760803222656
2026-04-04 14:00:00+00:00,13.605438232421875
2026-04-04 15:00:00+00:00,45.76799392700195
2026-04-04 16:00:00+00:00,87.01464080810547
2026-04-04 17:00:00+00:00,108.06159973144531
2026-04-04 18:00:00+00:00,114.95298767089844
2026-04-04 19:00:00+00:00,105.77274322509766
2026-04-04 20:00:00+00:00,98.9536361694336
2026-04-04 21:00:00+00:00,90.73942565917969
2026-04-04 22:00:00+00:00,86.82878112792969
2026-04-04 23:00:00+00:00,83.77165222167969
2026-04-05 00:00:00+00:00,0.5191116333007812
2026-04-05 01:00:00+00:00,0.3187408447265625
2026-04-05 02:00:00+00:00,1.2100601196289062
2026-04-05 03:00:00+00:00,2.0570831298828125
2026-04-05 04:00:00+00:00,6.998725891113281
2026-04-05 05:00:00+00:00,11.511123657226562
2026-04-05 06:00:00+00:00,15.130271911621094
2026-04-05 07:00:00+00:00,10.949729919433594
2026-04-05 08:00:00+00:00,6.880104064941406
2026-04-05 09:00:00+00:00,4.797737121582031
2026-04-05 10:00:00+00:00,2.6148757934570312
2026-04-05 11:00:00+00:00,2.6926116943359375
2026-04-05 12:00:00+00:00,2.31561279296875
2026-04-05 13:00:00+00:00,3.1746597290039062
2026-04-05 14:00:00+00:00,8.840156555175781
2026-04-05 15:00:00+00:00,49.01749038696289
2026-04-05 16:00:00+00:00,101.82378387451172
2026-04-05 17:00:00+00:00,127.4888916015625
2026-04-05 18:00:00+00:00,126.27781677246094
2026-04-05 19:00:00+00:00,110.30266571044922
2026-04-05 20:00:00+00:00,98.13668060302734
2026-04-05 21:00:00+00:00,79.7471694946289
2026-04-05 22:00:00+00:00,60.98462677001953
2026-04-05 23:00:00+00:00,50.586483001708984
2026-04-06 00:00:00+00:00,-1.6076431274414062
2026-04-06 01:00:00+00:00,-1.5344009399414062
2026-04-06 02:00:00+00:00,2.0662612915039062
2026-04-06 03:00:00+00:00,8.409683227539062
2026-04-06 04:00:00+00:00,22.03839111328125
2026-04-06 05:00:00+00:00,40.96010208129883
2026-04-06 06:00:00+00:00,47.82585144042969
2026-04-06 07:00:00+00:00,33.31248092651367
2026-04-06 08:00:00+00:00,13.749069213867188
2026-04-06 09:00:00+00:00,-3.8758316040039062
2026-04-06 10:00:00+00:00,-16.433570861816406
2026-04-06 11:00:00+00:00,-23.28112030029297
2026-04-06 12:00:00+00:00,-21.05449676513672
2026-04-06 13:00:00+00:00,-10.593727111816406
2026-04-06 14:00:00+00:00,9.411811828613281
2026-04-06 15:00:00+00:00,45.686126708984375
2026-04-06 16:00:00+00:00,85.90168762207031
2026-04-06 17:00:00+00:00,109.96503448486328
2026-04-06 18:00:00+00:00,110.64224243164062
2026-04-06 19:00:00+00:00,94.48920440673828
2026-04-06 20:00:00+00:00,83.8643569946289
2026-04-06 21:00:00+00:00,71.94513702392578
2026-04-06 22:00:00+00:00,61.5327262878418
2026-04-06 23:00:00+00:00,56.939903259277344
2026-04-07 00:00:00+00:00,96.36372375488281
2026-04-07 01:00:00+00:00,95.87635803222656
2026-04-07 02:00:00+00:00,98.02523040771484
2026-04-07 03:00:00+00:00,103.55638885498047
2026-04-07 04:00:00+00:00,113.69576263427734
2026-04-07 05:00:00+00:00,125.29429626464844
2026-04-07 06:00:00+00:00,128.4163818359375
2026-04-07 07:00:00+00:00,115.33399963378906
2026-04-07 08:00:00+00:00,93.48648834228516
2026-04-07 09:00:00+00:00,68.47216796875
2026-04-07 10:00:00+00:00,49.52622985839844
2026-04-07 11:00:00+00:00,38.87225341796875
2026-04-07 12:00:00+00:00,40.881385803222656
2026-04-07 13:00:00+00:00,52.79236602783203
2026-04-07 14:00:00+00:00,74.90902709960938
2026-04-07 15:00:00+00:00,101.55076599121094
2026-04-07 16:00:00+00:00,133.37557983398438
2026-04-07 17:00:00+00:00,165.16143798828125
2026-04-07 18:00:00+00:00,162.69876098632812
2026-04-07 19:00:00+00:00,143.9008026123047
2026-04-07 20:00:00+00:00,131.15127563476562
2026-04-07 21:00:00+00:00,119.67277526855469
2026-04-07 22:00:00+00:00,109.65264892578125
2026-04-07 23:00:00+00:00,103.88813018798828
2026-04-08 00:00:00+00:00,98.54898071289062
2026-04-08 01:00:00+00:00,96.81010437011719
2026-04-08 02:00:00+00:00,98.47846221923828
2026-04-08 03:00:00+00:00,105.01771545410156
2026-04-08 04:00:00+00:00,119.96913146972656
2026-04-08 05:00:00+00:00,142.66513061523438
2026-04-08 06:00:00+00:00,140.65896606445312
2026-04-08 07:00:00+00:00,109.71923828125
2026-04-08 08:00:00+00:00,70.74970245361328
2026-04-08 09:00:00+00:00,37.3098258972168
2026-04-08 10:00:00+00:00,18.082901000976562
2026-04-08 11:00:00+00:00,7.700897216796875
2026-04-08 12:00:00+00:00,11.508186340332031
2026-04-08 13:00:00+00:00,25.21916961669922
2026-04-08 14:00:00+00:00,51.264034271240234
2026-04-08 15:00:00+00:00,88.8599853515625
2026-04-08 16:00:00+00:00,132.44308471679688
2026-04-08 17:00:00+00:00,173.39089965820312
2026-04-08 18:00:00+00:00,171.04733276367188
2026-04-08 19:00:00+00:00,141.2734832763672
2026-04-08 20:00:00+00:00,123.40945434570312
2026-04-08 21:00:00+00:00,111.60940551757812
2026-04-08 22:00:00+00:00,101.2603530883789
2026-04-08 23:00:00+00:00,95.45503997802734
2026-04-09 00:00:00+00:00,102.00875854492188
2026-04-09 01:00:00+00:00,101.65851593017578
2026-04-09 02:00:00+00:00,104.31968688964844
2026-04-09 03:00:00+00:00,112.44570922851562
2026-04-09 04:00:00+00:00,129.9574737548828
2026-04-09 05:00:00+00:00,146.1165771484375
2026-04-09 06:00:00+00:00,136.43907165527344
2026-04-09 07:00:00+00:00,105.48097229003906
2026-04-09 08:00:00+00:00,65.03194427490234
2026-04-09 09:00:00+00:00,26.00876235961914
2026-04-09 10:00:00+00:00,6.202095031738281
2026-04-09 11:00:00+00:00,-4.9157257080078125
2026-04-09 12:00:00+00:00,-5.016502380371094
2026-04-09 13:00:00+00:00,5.166481018066406
2026-04-09 14:00:00+00:00,33.67929458618164
2026-04-09 15:00:00+00:00,84.42089080810547
2026-04-09 16:00:00+00:00,128.23760986328125
2026-04-09 17:00:00+00:00,165.99087524414062
2026-04-09 18:00:00+00:00,161.17684936523438
2026-04-09 19:00:00+00:00,136.89840698242188
2026-04-09 20:00:00+00:00,123.00443267822266
2026-04-09 21:00:00+00:00,111.98088836669922
2026-04-09 22:00:00+00:00,103.43362426757812
2026-04-09 23:00:00+00:00,99.14439392089844
2026-04-10 00:00:00+00:00,80.15326690673828
2026-04-10 01:00:00+00:00,79.3155746459961
2026-04-10 02:00:00+00:00,82.2665023803711
2026-04-10 03:00:00+00:00,90.93233489990234
2026-04-10 04:00:00+00:00,107.21568298339844
2026-04-10 05:00:00+00:00,120.88673400878906
2026-04-10 06:00:00+00:00,112.18629455566406
2026-04-10 07:00:00+00:00,84.37713623046875
2026-04-10 08:00:00+00:00,47.64814376831055
2026-04-10 09:00:00+00:00,17.495521545410156
2026-04-10 10:00:00+00:00,2.9382858276367188
2026-04-10 11:00:00+00:00,-6.616050720214844
2026-04-10 12:00:00+00:00,-6.4084014892578125
2026-04-10 13:00:00+00:00,3.1692581176757812
2026-04-10 14:00:00+00:00,29.909114837646484
2026-04-10 15:00:00+00:00,72.38877868652344
2026-04-10 16:00:00+00:00,111.16942596435547
2026-04-10 17:00:00+00:00,138.80055236816406
2026-04-10 18:00:00+00:00,136.08766174316406
2026-04-10 19:00:00+00:00,117.66657257080078
2026-04-10 20:00:00+00:00,102.8163833618164
2026-04-10 21:00:00+00:00,92.34281158447266
2026-04-10 22:00:00+00:00,86.0359878540039
2026-04-10 23:00:00+00:00,81.26191711425781
2026-04-11 00:00:00+00:00,115.75892639160156
2026-04-11 01:00:00+00:00,112.88619232177734
2026-04-11 02:00:00+00:00,112.0803451538086
2026-04-11 03:00:00+00:00,115.36872100830078
2026-04-11 04:00:00+00:00,122.5078353881836
2026-04-11 05:00:00+00:00,128.0029296875
2026-04-11 06:00:00+00:00,124.74040222167969
2026-04-11 07:00:00+00:00,110.69242095947266
2026-04-11 08:00:00+00:00,89.4618148803711
2026-04-11 09:00:00+00:00,67.32130432128906
2026-04-11 10:00:00+00:00,52.30003356933594
2026-04-11 11:00:00+00:00,43.6270751953125
2026-04-11 12:00:00+00:00,43.918251037597656
2026-04-11 13:00:00+00:00,55.32670593261719
2026-04-11 14:00:00+00:00,79.90332794189453
2026-04-11 15:00:00+00:00,109.18661499023438
2026-04-11 16:00:00+00:00,142.563232421875
2026-04-11 17:00:00+00:00,176.3732452392578
2026-04-11 18:00:00+00:00,173.76055908203125
2026-04-11 19:00:00+00:00,150.4705047607422
2026-04-11 20:00:00+00:00,135.2303466796875
2026-04-11 21:00:00+00:00,125.23307800292969
2026-04-11 22:00:00+00:00,118.38199615478516
2026-04-11 23:00:00+00:00,110.62959289550781
2026-04-12 00:00:00+00:00,81.64376068115234
2026-04-12 01:00:00+00:00,85.09949493408203
2026-04-12 02:00:00+00:00,88.5455322265625
2026-04-12 03:00:00+00:00,92.66827392578125
2026-04-12 04:00:00+00:00,96.70314025878906
2026-04-12 05:00:00+00:00,97.1767807006836
2026-04-12 06:00:00+00:00,89.80095672607422
2026-04-12 07:00:00+00:00,71.85865783691406
2026-04-12 08:00:00+00:00,49.82971954345703
2026-04-12 09:00:00+00:00,29.572425842285156
2026-04-12 10:00:00+00:00,13.468048095703125
2026-04-12 11:00:00+00:00,3.2438430786132812
2026-04-12 12:00:00+00:00,-0.7740402221679688
2026-04-12 13:00:00+00:00,7.837379455566406
2026-04-12 14:00:00+00:00,32.69585037231445
2026-04-12 15:00:00+00:00,70.78604125976562
2026-04-12 16:00:00+00:00,110.40509796142578
2026-04-12 17:00:00+00:00,137.54400634765625
2026-04-12 18:00:00+00:00,136.593994140625
2026-04-12 19:00:00+00:00,124.84390258789062
2026-04-12 20:00:00+00:00,114.48590087890625
2026-04-12 21:00:00+00:00,105.26181030273438
2026-04-12 22:00:00+00:00,99.02655029296875
2026-04-12 23:00:00+00:00,92.96319580078125
2026-04-13 00:00:00+00:00,104.85411071777344
2026-04-13 01:00:00+00:00,104.35621643066406
2026-04-13 02:00:00+00:00,107.31175231933594
2026-04-13 03:00:00+00:00,113.81771850585938
2026-04-13 04:00:00+00:00,125.72416687011719
2026-04-13 05:00:00+00:00,134.0025177001953
2026-04-13 06:00:00+00:00,128.54901123046875
2026-04-13 07:00:00+00:00,106.50797271728516
2026-04-13 08:00:00+00:00,76.41705322265625
2026-04-13 09:00:00+00:00,49.83658981323242
2026-04-13 10:00:00+00:00,33.92174530029297
2026-04-13 11:00:00+00:00,25.357879638671875
2026-04-13 12:00:00+00:00,23.577560424804688
2026-04-13 13:00:00+00:00,32.30144119262695
2026-04-13 14:00:00+00:00,58.83441162109375
2026-04-13 15:00:00+00:00,98.4083023071289
2026-04-13 16:00:00+00:00,133.61691284179688
2026-04-13 17:00:00+00:00,165.24488830566406
2026-04-13 18:00:00+00:00,160.94625854492188
2026-04-13 19:00:00+00:00,141.87026977539062
2026-04-13 20:00:00+00:00,128.6853790283203
2026-04-13 21:00:00+00:00,118.01382446289062
2026-04-13 22:00:00+00:00,111.77009582519531
2026-04-13 23:00:00+00:00,106.10967254638672
2026-04-14 00:00:00+00:00,110.96339416503906
2026-04-14 01:00:00+00:00,110.7918701171875
2026-04-14 02:00:00+00:00,111.45040893554688
2026-04-14 03:00:00+00:00,116.23716735839844
2026-04-14 04:00:00+00:00,128.5990753173828
2026-04-14 05:00:00+00:00,141.1962127685547
2026-04-14 06:00:00+00:00,144.62962341308594
2026-04-14 07:00:00+00:00,127.55561065673828
2026-04-14 08:00:00+00:00,105.31039428710938
2026-04-14 09:00:00+00:00,85.557861328125
2026-04-14 10:00:00+00:00,73.13601684570312
2026-04-14 11:00:00+00:00,61.83751678466797
2026-04-14 12:00:00+00:00,61.4217529296875
2026-04-14 13:00:00+00:00,68.18840026855469
2026-04-14 14:00:00+00:00,85.31963348388672
2026-04-14 15:00:00+00:00,106.0317611694336
2026-04-14 16:00:00+00:00,132.48268127441406
2026-04-14 17:00:00+00:00,159.87335205078125
2026-04-14 18:00:00+00:00,154.61474609375
2026-04-14 19:00:00+00:00,135.87608337402344
2026-04-14 20:00:00+00:00,124.39736938476562
2026-04-14 21:00:00+00:00,115.98174285888672
2026-04-14 22:00:00+00:00,111.13983154296875
2026-04-14 23:00:00+00:00,105.80706024169922
2026-04-15 00:00:00+00:00,113.21798706054688
2026-04-15 01:00:00+00:00,112.31007385253906
2026-04-15 02:00:00+00:00,112.42228698730469
2026-04-15 03:00:00+00:00,117.04120635986328
2026-04-15 04:00:00+00:00,128.53941345214844
2026-04-15 05:00:00+00:00,142.4298858642578
2026-04-15 06:00:00+00:00,142.4738311767578
2026-04-15 07:00:00+00:00,122.01007080078125
2026-04-15 08:00:00+00:00,99.75827026367188
2026-04-15 09:00:00+00:00,79.25148010253906
2026-04-15 10:00:00+00:00,64.91677856445312
2026-04-15 11:00:00+00:00,54.55768966674805
2026-04-15 12:00:00+00:00,54.17273712158203
2026-04-15 13:00:00+00:00,63.12775421142578
2026-04-15 14:00:00+00:00,81.48450469970703
2026-04-15 15:00:00+00:00,106.69294738769531
2026-04-15 16:00:00+00:00,141.0854949951172
2026-04-15 17:00:00+00:00,179.61058044433594
2026-04-15 18:00:00+00:00,174.99212646484375
2026-04-15 19:00:00+00:00,147.8427276611328
2026-04-15 20:00:00+00:00,132.54385375976562
2026-04-15 21:00:00+00:00,121.89796447753906
2026-04-15 22:00:00+00:00,115.00621032714844
2026-04-15 23:00:00+00:00,109.48320007324219
2026-04-16 00:00:00+00:00,101.14382934570312
2026-04-16 01:00:00+00:00,98.5673828125
2026-04-16 02:00:00+00:00,99.71940612792969
2026-04-16 03:00:00+00:00,107.86945343017578
2026-04-16 04:00:00+00:00,127.17929077148438
2026-04-16 05:00:00+00:00,140.23114013671875
2026-04-16 06:00:00+00:00,135.02720642089844
2026-04-16 07:00:00+00:00,111.857421875
2026-04-16 08:00:00+00:00,87.68083190917969
2026-04-16 09:00:00+00:00,66.69506072998047
2026-04-16 10:00:00+00:00,49.7439079284668
2026-04-16 11:00:00+00:00,39.70016860961914
2026-04-16 12:00:00+00:00,41.97455978393555
2026-04-16 13:00:00+00:00,53.27728271484375
2026-04-16 14:00:00+00:00,73.4979476928711
2026-04-16 15:00:00+00:00,99.91466522216797
2026-04-16 16:00:00+00:00,127.75904083251953
2026-04-16 17:00:00+00:00,169.90078735351562
2026-04-16 18:00:00+00:00,166.94131469726562
2026-04-16 19:00:00+00:00,139.22019958496094
2026-04-16 20:00:00+00:00,123.53439331054688
2026-04-16 21:00:00+00:00,112.67790985107422
2026-04-16 22:00:00+00:00,106.22649383544922
2026-04-16 23:00:00+00:00,101.40104675292969
2026-04-17 00:00:00+00:00,114.11080932617188
2026-04-17 01:00:00+00:00,113.46963500976562
2026-04-17 02:00:00+00:00,114.74072265625
2026-04-17 03:00:00+00:00,122.1302719116211
2026-04-17 04:00:00+00:00,139.30828857421875
2026-04-17 05:00:00+00:00,147.2708740234375
2026-04-17 06:00:00+00:00,142.28848266601562
2026-04-17 07:00:00+00:00,121.4589614868164
2026-04-17 08:00:00+00:00,99.84925842285156
2026-04-17 09:00:00+00:00,78.5772933959961
2026-04-17 10:00:00+00:00,62.1026496887207
2026-04-17 11:00:00+00:00,51.382450103759766
2026-04-17 12:00:00+00:00,54.28570556640625
2026-04-17 13:00:00+00:00,66.13689422607422
2026-04-17 14:00:00+00:00,85.76156616210938
2026-04-17 15:00:00+00:00,112.46253967285156
2026-04-17 16:00:00+00:00,137.3361053466797
2026-04-17 17:00:00+00:00,170.0199737548828
2026-04-17 18:00:00+00:00,169.5809783935547
2026-04-17 19:00:00+00:00,146.203125
2026-04-17 20:00:00+00:00,131.22274780273438
2026-04-17 21:00:00+00:00,121.95235443115234
2026-04-17 22:00:00+00:00,115.74734497070312
2026-04-17 23:00:00+00:00,108.9045181274414
2026-04-18 00:00:00+00:00,109.61383056640625
2026-04-18 01:00:00+00:00,109.11014556884766
2026-04-18 02:00:00+00:00,109.89258575439453
2026-04-18 03:00:00+00:00,114.73475646972656
2026-04-18 04:00:00+00:00,122.33723449707031
2026-04-18 05:00:00+00:00,123.42900848388672
2026-04-18 06:00:00+00:00,115.42030334472656
2026-04-18 07:00:00+00:00,96.78971862792969
2026-04-18 08:00:00+00:00,77.32515716552734
2026-04-18 09:00:00+00:00,56.506996154785156
2026-04-18 10:00:00+00:00,38.24458312988281
2026-04-18 11:00:00+00:00,27.576114654541016
2026-04-18 12:00:00+00:00,28.95862579345703
2026-04-18 13:00:00+00:00,44.65444564819336
2026-04-18 14:00:00+00:00,69.1980972290039
2026-04-18 15:00:00+00:00,95.52741241455078
2026-04-18 16:00:00+00:00,121.67814636230469
2026-04-18 17:00:00+00:00,150.62332153320312
2026-04-18 18:00:00+00:00,151.75802612304688
2026-04-18 19:00:00+00:00,135.33013916015625
2026-04-18 20:00:00+00:00,121.64744567871094
2026-04-18 21:00:00+00:00,113.74769592285156
2026-04-18 22:00:00+00:00,108.04492950439453
2026-04-18 23:00:00+00:00,101.88773345947266
2026-04-19 00:00:00+00:00,104.64725494384766
2026-04-19 01:00:00+00:00,103.18889617919922
2026-04-19 02:00:00+00:00,104.13190460205078
2026-04-19 03:00:00+00:00,105.47428131103516
2026-04-19 04:00:00+00:00,104.95787811279297
2026-04-19 05:00:00+00:00,101.20930480957031
2026-04-19 06:00:00+00:00,91.36123657226562
2026-04-19 07:00:00+00:00,72.38878631591797
2026-04-19 08:00:00+00:00,48.82849884033203
2026-04-19 09:00:00+00:00,29.159683227539062
2026-04-19 10:00:00+00:00,16.06121826171875
2026-04-19 11:00:00+00:00,8.016021728515625
2026-04-19 12:00:00+00:00,9.9959716796875
2026-04-19 13:00:00+00:00,21.564064025878906
2026-04-19 14:00:00+00:00,49.26569747924805
2026-04-19 15:00:00+00:00,87.92017364501953
2026-04-19 16:00:00+00:00,122.88471221923828
2026-04-19 17:00:00+00:00,145.0763702392578
2026-04-19 18:00:00+00:00,146.0626983642578
2026-04-19 19:00:00+00:00,133.847900390625
2026-04-19 20:00:00+00:00,124.37157440185547
2026-04-19 21:00:00+00:00,116.53414916992188
2026-04-19 22:00:00+00:00,111.31827545166016
2026-04-19 23:00:00+00:00,104.95321655273438
2026-04-20 00:00:00+00:00,98.33262634277344
2026-04-20 01:00:00+00:00,98.00827026367188
2026-04-20 02:00:00+00:00,99.3829345703125
2026-04-20 03:00:00+00:00,107.39070129394531
2026-04-20 04:00:00+00:00,122.69303894042969
2026-04-20 05:00:00+00:00,130.4420623779297
2026-04-20 06:00:00+00:00,127.24281311035156
2026-04-20 07:00:00+00:00,109.79218292236328
2026-04-20 08:00:00+00:00,85.96781921386719
2026-04-20 09:00:00+00:00,60.87122344970703
2026-04-20 10:00:00+00:00,42.72927474975586
2026-04-20 11:00:00+00:00,32.67705535888672
2026-04-20 12:00:00+00:00,32.74061965942383
2026-04-20 13:00:00+00:00,43.58516311645508
2026-04-20 14:00:00+00:00,64.68925476074219
2026-04-20 15:00:00+00:00,93.4567642211914
2026-04-20 16:00:00+00:00,120.27796936035156
2026-04-20 17:00:00+00:00,149.82464599609375
2026-04-20 18:00:00+00:00,150.57748413085938
2026-04-20 19:00:00+00:00,133.1385498046875
2026-04-20 20:00:00+00:00,121.2535400390625
2026-04-20 21:00:00+00:00,111.97488403320312
2026-04-20 22:00:00+00:00,107.77684020996094
2026-04-20 23:00:00+00:00,102.8179931640625
2026-04-21 00:00:00+00:00,98.69097900390625
2026-04-21 01:00:00+00:00,98.90027618408203
2026-04-21 02:00:00+00:00,100.52267456054688
2026-04-21 03:00:00+00:00,108.98777770996094
2026-04-21 04:00:00+00:00,124.12533569335938
2026-04-21 05:00:00+00:00,132.60458374023438
2026-04-21 06:00:00+00:00,128.29359436035156
2026-04-21 07:00:00+00:00,111.22630310058594
2026-04-21 08:00:00+00:00,91.43335723876953
2026-04-21 09:00:00+00:00,70.42366790771484
2026-04-21 10:00:00+00:00,52.522186279296875
2026-04-21 11:00:00+00:00,40.86098098754883
2026-04-21 12:00:00+00:00,40.73305892944336
2026-04-21 13:00:00+00:00,51.69908905029297
2026-04-21 14:00:00+00:00,73.1719741821289
2026-04-21 15:00:00+00:00,98.23929595947266
2026-04-21 16:00:00+00:00,122.80319213867188
2026-04-21 17:00:00+00:00,144.31246948242188
2026-04-21 18:00:00+00:00,143.1311492919922
2026-04-21 19:00:00+00:00,128.71151733398438
2026-04-21 20:00:00+00:00,119.24195098876953
2026-04-21 21:00:00+00:00,110.374755859375
2026-04-21 22:00:00+00:00,105.28680419921875
2026-04-21 23:00:00+00:00,101.90367126464844
2026-04-22 00:00:00+00:00,102.84703063964844
2026-04-22 01:00:00+00:00,102.71696472167969
2026-04-22 02:00:00+00:00,103.6482162475586
2026-04-22 03:00:00+00:00,112.79339599609375
2026-04-22 04:00:00+00:00,130.0639190673828
2026-04-22 05:00:00+00:00,139.36898803710938
2026-04-22 06:00:00+00:00,127.9008560180664
2026-04-22 07:00:00+00:00,104.55970001220703
2026-04-22 08:00:00+00:00,76.58250427246094
2026-04-22 09:00:00+00:00,49.43782043457031
2026-04-22 10:00:00+00:00,31.54784393310547
2026-04-22 11:00:00+00:00,21.748031616210938
2026-04-22 12:00:00+00:00,20.074981689453125
2026-04-22 13:00:00+00:00,30.24612045288086
2026-04-22 14:00:00+00:00,54.75748062133789
2026-04-22 15:00:00+00:00,88.1278076171875
2026-04-22 16:00:00+00:00,117.74219512939453
2026-04-22 17:00:00+00:00,147.10301208496094
2026-04-22 18:00:00+00:00,150.11209106445312
2026-04-22 19:00:00+00:00,132.9293212890625
2026-04-22 20:00:00+00:00,121.10304260253906
2026-04-22 21:00:00+00:00,111.74871063232422
2026-04-22 22:00:00+00:00,107.92141723632812
2026-04-22 23:00:00+00:00,104.13314819335938
2026-04-23 00:00:00+00:00,97.82304382324219
2026-04-23 01:00:00+00:00,98.14764404296875
2026-04-23 02:00:00+00:00,102.01148223876953
2026-04-23 03:00:00+00:00,113.05290985107422
2026-04-23 04:00:00+00:00,128.8513641357422
2026-04-23 05:00:00+00:00,132.19235229492188
2026-04-23 06:00:00+00:00,113.84174346923828
2026-04-23 07:00:00+00:00,84.33844757080078
2026-04-23 08:00:00+00:00,42.919456481933594
2026-04-23 09:00:00+00:00,10.326385498046875
2026-04-23 10:00:00+00:00,-2.3688278198242188
2026-04-23 11:00:00+00:00,-8.665069580078125
2026-04-23 12:00:00+00:00,-9.027229309082031
2026-04-23 13:00:00+00:00,-1.7335586547851562
2026-04-23 14:00:00+00:00,18.205413818359375
2026-04-23 15:00:00+00:00,68.56964111328125
2026-04-23 16:00:00+00:00,109.72972106933594
2026-04-23 17:00:00+00:00,142.49778747558594
2026-04-23 18:00:00+00:00,146.15591430664062
2026-04-23 19:00:00+00:00,128.31809997558594
2026-04-23 20:00:00+00:00,116.7689208984375
2026-04-23 21:00:00+00:00,109.33167266845703
2026-04-23 22:00:00+00:00,105.08099365234375
2026-04-23 23:00:00+00:00,101.83246612548828
2026-04-24 00:00:00+00:00,97.29764556884766
2026-04-24 01:00:00+00:00,97.23458862304688
2026-04-24 02:00:00+00:00,99.04463958740234
2026-04-24 03:00:00+00:00,107.23531341552734
2026-04-24 04:00:00+00:00,121.54281616210938
2026-04-24 05:00:00+00:00,122.65219116210938
2026-04-24 06:00:00+00:00,109.11558532714844
2026-04-24 07:00:00+00:00,76.22625732421875
2026-04-24 08:00:00+00:00,28.152523040771484
2026-04-24 09:00:00+00:00,1.777740478515625
2026-04-24 10:00:00+00:00,-10.548469543457031
2026-04-24 11:00:00+00:00,-20.0069580078125
2026-04-24 12:00:00+00:00,-21.01312255859375
2026-04-24 13:00:00+00:00,-9.003860473632812
2026-04-24 14:00:00+00:00,13.406486511230469
2026-04-24 15:00:00+00:00,56.1092529296875
2026-04-24 16:00:00+00:00,103.21153259277344
2026-04-24 17:00:00+00:00,130.66531372070312
2026-04-24 18:00:00+00:00,137.76971435546875
2026-04-24 19:00:00+00:00,121.89054107666016
2026-04-24 20:00:00+00:00,109.03934478759766
2026-04-24 21:00:00+00:00,102.95581817626953
2026-04-24 22:00:00+00:00,99.60745239257812
2026-04-24 23:00:00+00:00,95.15750885009766
2026-04-25 00:00:00+00:00,90.76568603515625
2026-04-25 01:00:00+00:00,90.43473815917969
2026-04-25 02:00:00+00:00,93.96196746826172
2026-04-25 03:00:00+00:00,97.66758728027344
2026-04-25 04:00:00+00:00,98.01570892333984
2026-04-25 05:00:00+00:00,93.2143783569336
2026-04-25 06:00:00+00:00,77.87181854248047
2026-04-25 07:00:00+00:00,53.006900787353516
2026-04-25 08:00:00+00:00,14.752525329589844
2026-04-25 09:00:00+00:00,-12.367256164550781
2026-04-25 10:00:00+00:00,-26.35614776611328
2026-04-25 11:00:00+00:00,-33.146278381347656
2026-04-25 12:00:00+00:00,-35.203941345214844
2026-04-25 13:00:00+00:00,-25.62053680419922
2026-04-25 14:00:00+00:00,-0.5456161499023438
2026-04-25 15:00:00+00:00,45.046451568603516
2026-04-25 16:00:00+00:00,92.66322326660156
2026-04-25 17:00:00+00:00,116.61517333984375
2026-04-25 18:00:00+00:00,124.96590423583984
2026-04-25 19:00:00+00:00,120.97785949707031
2026-04-25 20:00:00+00:00,115.16480255126953
2026-04-25 21:00:00+00:00,108.45514678955078
2026-04-25 22:00:00+00:00,102.94636535644531
2026-04-25 23:00:00+00:00,97.60933685302734
2026-04-26 00:00:00+00:00,86.422607421875
2026-04-26 01:00:00+00:00,86.86334228515625
2026-04-26 02:00:00+00:00,87.54755401611328
2026-04-26 03:00:00+00:00,88.13960266113281
2026-04-26 04:00:00+00:00,86.62548065185547
2026-04-26 05:00:00+00:00,80.23715209960938
2026-04-26 06:00:00+00:00,62.97490692138672
2026-04-26 07:00:00+00:00,40.526058197021484
2026-04-26 08:00:00+00:00,9.562347412109375
2026-04-26 09:00:00+00:00,-21.283767700195312
2026-04-26 10:00:00+00:00,-46.32283020019531
2026-04-26 11:00:00+00:00,-67.01826477050781
2026-04-26 12:00:00+00:00,-75.0859375
2026-04-26 13:00:00+00:00,-66.36563110351562
2026-04-26 14:00:00+00:00,-32.97893524169922
2026-04-26 15:00:00+00:00,17.74677276611328
2026-04-26 16:00:00+00:00,66.90192413330078
2026-04-26 17:00:00+00:00,90.86463165283203
2026-04-26 18:00:00+00:00,99.8294677734375
2026-04-26 19:00:00+00:00,98.82710266113281
2026-04-26 20:00:00+00:00,95.1792984008789
2026-04-26 21:00:00+00:00,87.49533081054688
2026-04-26 22:00:00+00:00,80.8958511352539
2026-04-26 23:00:00+00:00,77.79505157470703
2026-04-27 00:00:00+00:00,110.70381927490234
2026-04-27 01:00:00+00:00,109.77992248535156
2026-04-27 02:00:00+00:00,113.9969711303711
2026-04-27 03:00:00+00:00,124.86007690429688
2026-04-27 04:00:00+00:00,140.5975799560547
2026-04-27 05:00:00+00:00,144.4717559814453
2026-04-27 06:00:00+00:00,129.35719299316406
2026-04-27 07:00:00+00:00,94.26464080810547
2026-04-27 08:00:00+00:00,48.672447204589844
2026-04-27 09:00:00+00:00,5.525337219238281
2026-04-27 10:00:00+00:00,-25.33624267578125
2026-04-27 11:00:00+00:00,-46.534149169921875
2026-04-27 12:00:00+00:00,-55.882843017578125
2026-04-27 13:00:00+00:00,-26.067405700683594
2026-04-27 14:00:00+00:00,21.940933227539062
2026-04-27 15:00:00+00:00,78.34681701660156
2026-04-27 16:00:00+00:00,126.4266357421875
2026-04-27 17:00:00+00:00,157.09974670410156
2026-04-27 18:00:00+00:00,159.92193603515625
2026-04-27 19:00:00+00:00,140.99545288085938
2026-04-27 20:00:00+00:00,130.2897491455078
2026-04-27 21:00:00+00:00,122.3614501953125
2026-04-27 22:00:00+00:00,117.02934265136719
2026-04-27 23:00:00+00:00,113.51271057128906
2026-04-28 00:00:00+00:00,106.9542236328125
2026-04-28 01:00:00+00:00,105.67910766601562
2026-04-28 02:00:00+00:00,108.86783599853516
2026-04-28 03:00:00+00:00,121.99090576171875
2026-04-28 04:00:00+00:00,146.1675262451172
2026-04-28 05:00:00+00:00,148.22938537597656
2026-04-28 06:00:00+00:00,128.66139221191406
2026-04-28 07:00:00+00:00,94.35456848144531
2026-04-28 08:00:00+00:00,49.42150115966797
2026-04-28 09:00:00+00:00,17.600242614746094
2026-04-28 10:00:00+00:00,4.191009521484375
2026-04-28 11:00:00+00:00,-6.6390228271484375
2026-04-28 12:00:00+00:00,-8.104606628417969
2026-04-28 13:00:00+00:00,5.073997497558594
2026-04-28 14:00:00+00:00,39.661460876464844
2026-04-28 15:00:00+00:00,85.46060943603516
2026-04-28 16:00:00+00:00,124.33252716064453
2026-04-28 17:00:00+00:00,161.37014770507812
2026-04-28 18:00:00+00:00,165.79884338378906
2026-04-28 19:00:00+00:00,141.18243408203125
2026-04-28 20:00:00+00:00,125.31776428222656
2026-04-28 21:00:00+00:00,114.95207214355469
2026-04-28 22:00:00+00:00,110.337646484375
2026-04-28 23:00:00+00:00,105.6815414428711
2026-04-29 00:00:00+00:00,94.80369567871094
2026-04-29 01:00:00+00:00,94.46341705322266
2026-04-29 02:00:00+00:00,97.46247863769531
2026-04-29 03:00:00+00:00,107.70381164550781
2026-04-29 04:00:00+00:00,121.12841796875
2026-04-29 05:00:00+00:00,123.61308288574219
2026-04-29 06:00:00+00:00,107.81782531738281
2026-04-29 07:00:00+00:00,75.51061248779297
2026-04-29 08:00:00+00:00,30.745010375976562
2026-04-29 09:00:00+00:00,3.421051025390625
2026-04-29 10:00:00+00:00,-10.377426147460938
2026-04-29 11:00:00+00:00,-20.600814819335938
2026-04-29 12:00:00+00:00,-20.850173950195312
2026-04-29 13:00:00+00:00,-11.82867431640625
2026-04-29 14:00:00+00:00,11.886482238769531
2026-04-29 15:00:00+00:00,55.13081359863281
2026-04-29 16:00:00+00:00,99.04783630371094
2026-04-29 17:00:00+00:00,129.6912841796875
2026-04-29 18:00:00+00:00,133.85775756835938
2026-04-29 19:00:00+00:00,119.31043243408203
2026-04-29 20:00:00+00:00,111.27505493164062
2026-04-29 21:00:00+00:00,103.33432006835938
2026-04-29 22:00:00+00:00,100.51371002197266
2026-04-29 23:00:00+00:00,98.115478515625
2026-04-30 00:00:00+00:00,99.22928619384766
2026-04-30 01:00:00+00:00,100.06239318847656
2026-04-30 02:00:00+00:00,101.28910827636719
2026-04-30 03:00:00+00:00,110.27651977539062
2026-04-30 04:00:00+00:00,128.4670867919922
2026-04-30 05:00:00+00:00,126.18405151367188
2026-04-30 06:00:00+00:00,110.07051849365234
2026-04-30 07:00:00+00:00,70.77267456054688
2026-04-30 08:00:00+00:00,5.230216979980469
2026-04-30 09:00:00+00:00,-12.610252380371094
2026-04-30 10:00:00+00:00,-25.424278259277344
2026-04-30 11:00:00+00:00,-43.40159606933594
2026-04-30 12:00:00+00:00,-44.30255126953125
2026-04-30 13:00:00+00:00,-31.486007690429688
2026-04-30 14:00:00+00:00,-8.658042907714844
2026-04-30 15:00:00+00:00,36.41928482055664
2026-04-30 16:00:00+00:00,98.22262573242188
2026-04-30 17:00:00+00:00,132.9911346435547
2026-04-30 18:00:00+00:00,142.52194213867188
2026-04-30 19:00:00+00:00,127.71914672851562
2026-04-30 20:00:00+00:00,117.94839477539062
2026-04-30 21:00:00+00:00,108.2029800415039
2026-04-30 22:00:00+00:00,105.1171646118164
2026-04-30 23:00:00+00:00,101.85009002685547
2026-05-01 00:00:00+00:00,101.75348663330078
2026-05-01 01:00:00+00:00,102.22502899169922
2026-05-01 02:00:00+00:00,104.53874206542969
2026-05-01 03:00:00+00:00,114.60521697998047
2026-05-01 04:00:00+00:00,133.02630615234375
2026-05-01 05:00:00+00:00,127.1500244140625
2026-05-01 06:00:00+00:00,106.75373077392578
2026-05-01 07:00:00+00:00,64.5965576171875
2026-05-01 08:00:00+00:00,9.432815551757812
2026-05-01 09:00:00+00:00,-7.1184539794921875
2026-05-01 10:00:00+00:00,-21.704620361328125
2026-05-01 11:00:00+00:00,-36.70276641845703
2026-05-01 12:00:00+00:00,-37.818382263183594
2026-05-01 13:00:00+00:00,-23.484336853027344
2026-05-01 14:00:00+00:00,-2.72552490234375
2026-05-01 15:00:00+00:00,34.572486877441406
2026-05-01 16:00:00+00:00,93.81805419921875
2026-05-01 17:00:00+00:00,131.05191040039062
2026-05-01 18:00:00+00:00,141.81536865234375
2026-05-01 19:00:00+00:00,128.95578002929688
2026-05-01 20:00:00+00:00,115.29634857177734
2026-05-01 21:00:00+00:00,107.40226745605469
2026-05-01 22:00:00+00:00,102.66365051269531
2026-05-01 23:00:00+00:00,98.538330078125
2026-05-02 00:00:00+00:00,97.84799194335938
2026-05-02 01:00:00+00:00,96.0484619140625
2026-05-02 02:00:00+00:00,93.29757690429688
2026-05-02 03:00:00+00:00,89.59160614013672
2026-05-02 04:00:00+00:00,78.89321899414062
2026-05-02 05:00:00+00:00,53.87074661254883
2026-05-02 06:00:00+00:00,11.587764739990234
2026-05-02 07:00:00+00:00,-23.436538696289062
2026-05-02 08:00:00+00:00,-65.54253387451172
2026-05-02 09:00:00+00:00,-129.55068969726562
2026-05-02 10:00:00+00:00,-208.8831787109375
2026-05-02 11:00:00+00:00,-300.59393310546875
2026-05-02 12:00:00+00:00,-316.5513000488281
2026-05-02 13:00:00+00:00,-212.49957275390625
2026-05-02 14:00:00+00:00,-86.37772369384766
2026-05-02 15:00:00+00:00,-13.014358520507812
2026-05-02 16:00:00+00:00,46.47562026977539
2026-05-02 17:00:00+00:00,88.97241973876953
2026-05-02 18:00:00+00:00,105.36231994628906
2026-05-02 19:00:00+00:00,103.16838073730469
2026-05-02 20:00:00+00:00,98.35842895507812
2026-05-02 21:00:00+00:00,95.2796401977539
2026-05-02 22:00:00+00:00,95.30321502685547
2026-05-02 23:00:00+00:00,94.82550048828125
2026-05-03 00:00:00+00:00,115.13418579101562
2026-05-03 01:00:00+00:00,111.6310043334961
2026-05-03 02:00:00+00:00,111.32801818847656
2026-05-03 03:00:00+00:00,112.551025390625
2026-05-03 04:00:00+00:00,110.90914154052734
2026-05-03 05:00:00+00:00,99.95063018798828
2026-05-03 06:00:00+00:00,76.50557708740234
2026-05-03 07:00:00+00:00,54.432891845703125
2026-05-03 08:00:00+00:00,28.124359130859375
2026-05-03 09:00:00+00:00,-11.571327209472656
2026-05-03 10:00:00+00:00,-51.9388427734375
2026-05-03 11:00:00+00:00,-78.765625
2026-05-03 12:00:00+00:00,-78.46528625488281
2026-05-03 13:00:00+00:00,-41.317901611328125
2026-05-03 14:00:00+00:00,8.664222717285156
2026-05-03 15:00:00+00:00,69.22064208984375
2026-05-03 16:00:00+00:00,115.78347778320312
2026-05-03 17:00:00+00:00,144.22128295898438
2026-05-03 18:00:00+00:00,156.09579467773438
2026-05-03 19:00:00+00:00,141.4100341796875
2026-05-03 20:00:00+00:00,128.9976043701172
2026-05-03 21:00:00+00:00,118.75700378417969
2026-05-03 22:00:00+00:00,114.42625427246094
2026-05-03 23:00:00+00:00,110.28207397460938
2026-05-04 00:00:00+00:00,105.94340515136719
2026-05-04 01:00:00+00:00,103.86053466796875
2026-05-04 02:00:00+00:00,105.76969146728516
2026-05-04 03:00:00+00:00,115.63284301757812
2026-05-04 04:00:00+00:00,131.73953247070312
2026-05-04 05:00:00+00:00,132.2091522216797
2026-05-04 06:00:00+00:00,116.20882415771484
2026-05-04 07:00:00+00:00,83.53329467773438
2026-05-04 08:00:00+00:00,41.02653121948242
2026-05-04 09:00:00+00:00,16.660972595214844
2026-05-04 10:00:00+00:00,3.2184677124023438
2026-05-04 11:00:00+00:00,-7.75189208984375
2026-05-04 12:00:00+00:00,-8.922943115234375
2026-05-04 13:00:00+00:00,2.0265655517578125
2026-05-04 14:00:00+00:00,33.15821075439453
2026-05-04 15:00:00+00:00,76.4384765625
2026-05-04 16:00:00+00:00,113.77191162109375
2026-05-04 17:00:00+00:00,140.37306213378906
2026-05-04 18:00:00+00:00,147.51263427734375
2026-05-04 19:00:00+00:00,133.9525604248047
2026-05-04 20:00:00+00:00,123.64190673828125
2026-05-04 21:00:00+00:00,114.74485778808594
2026-05-04 22:00:00+00:00,110.30826568603516
2026-05-04 23:00:00+00:00,106.12533569335938
2026-05-05 00:00:00+00:00,119.80264282226562
2026-05-05 01:00:00+00:00,118.10612487792969
2026-05-05 02:00:00+00:00,118.4939193725586
2026-05-05 03:00:00+00:00,129.81211853027344
2026-05-05 04:00:00+00:00,156.0416259765625
2026-05-05 05:00:00+00:00,164.700927734375
2026-05-05 06:00:00+00:00,149.07229614257812
2026-05-05 07:00:00+00:00,121.57622528076172
2026-05-05 08:00:00+00:00,99.98185729980469
2026-05-05 09:00:00+00:00,79.13868713378906
2026-05-05 10:00:00+00:00,61.49207305908203
2026-05-05 11:00:00+00:00,53.3477668762207
2026-05-05 12:00:00+00:00,63.25334930419922
2026-05-05 13:00:00+00:00,78.71688842773438
2026-05-05 14:00:00+00:00,96.47116088867188
2026-05-05 15:00:00+00:00,125.22309875488281
2026-05-05 16:00:00+00:00,152.28343200683594
2026-05-05 17:00:00+00:00,206.04803466796875
2026-05-05 18:00:00+00:00,210.9442138671875
2026-05-05 19:00:00+00:00,161.0414581298828
2026-05-05 20:00:00+00:00,139.08395385742188
2026-05-05 21:00:00+00:00,126.08494567871094
2026-05-05 22:00:00+00:00,118.72557067871094
2026-05-05 23:00:00+00:00,113.11798095703125
2026-05-06 00:00:00+00:00,111.65374755859375
2026-05-06 01:00:00+00:00,110.76852416992188
2026-05-06 02:00:00+00:00,113.10877990722656
2026-05-06 03:00:00+00:00,121.55323028564453
2026-05-06 04:00:00+00:00,138.75975036621094
2026-05-06 05:00:00+00:00,144.6619415283203
2026-05-06 06:00:00+00:00,138.3248748779297
2026-05-06 07:00:00+00:00,123.23180389404297
2026-05-06 08:00:00+00:00,109.25025939941406
2026-05-06 09:00:00+00:00,97.2354507446289
2026-05-06 10:00:00+00:00,87.03826904296875
2026-05-06 11:00:00+00:00,80.62028503417969
2026-05-06 12:00:00+00:00,85.78643798828125
2026-05-06 13:00:00+00:00,94.86993408203125
2026-05-06 14:00:00+00:00,107.4688491821289
2026-05-06 15:00:00+00:00,125.1689453125
2026-05-06 16:00:00+00:00,142.09884643554688
2026-05-06 17:00:00+00:00,175.07888793945312
2026-05-06 18:00:00+00:00,177.98435974121094
2026-05-06 19:00:00+00:00,150.84222412109375
2026-05-06 20:00:00+00:00,134.67642211914062
2026-05-06 21:00:00+00:00,125.626953125
2026-05-06 22:00:00+00:00,121.23672485351562
2026-05-06 23:00:00+00:00,117.42118835449219
2026-05-07 00:00:00+00:00,113.62574768066406
2026-05-07 01:00:00+00:00,112.6008529663086
2026-05-07 02:00:00+00:00,113.82554626464844
2026-05-07 03:00:00+00:00,121.18438720703125
2026-05-07 04:00:00+00:00,137.00979614257812
2026-05-07 05:00:00+00:00,142.60739135742188
2026-05-07 06:00:00+00:00,136.48934936523438
2026-05-07 07:00:00+00:00,121.40763092041016
2026-05-07 08:00:00+00:00,108.36141204833984
2026-05-07 09:00:00+00:00,96.947021484375
2026-05-07 10:00:00+00:00,87.58915710449219
2026-05-07 11:00:00+00:00,80.867919921875
2026-05-07 12:00:00+00:00,84.81645965576172
2026-05-07 13:00:00+00:00,95.68406677246094
2026-05-07 14:00:00+00:00,108.12483215332031
2026-05-07 15:00:00+00:00,124.2518310546875
2026-05-07 16:00:00+00:00,138.9765625
2026-05-07 17:00:00+00:00,160.23464965820312
2026-05-07 18:00:00+00:00,161.66427612304688
2026-05-07 19:00:00+00:00,147.15333557128906
2026-05-07 20:00:00+00:00,134.9688262939453
2026-05-07 21:00:00+00:00,124.49221801757812
2026-05-07 22:00:00+00:00,120.46784973144531
2026-05-07 23:00:00+00:00,116.47016906738281
2026-05-08 00:00:00+00:00,116.6688461303711
2026-05-08 01:00:00+00:00,114.93323516845703
2026-05-08 02:00:00+00:00,117.60128784179688
2026-05-08 03:00:00+00:00,125.84137725830078
2026-05-08 04:00:00+00:00,145.84024047851562
2026-05-08 05:00:00+00:00,155.06448364257812
2026-05-08 06:00:00+00:00,148.33847045898438
2026-05-08 07:00:00+00:00,129.68994140625
2026-05-08 08:00:00+00:00,116.12771606445312
2026-05-08 09:00:00+00:00,106.78128051757812
2026-05-08 10:00:00+00:00,97.8135986328125
2026-05-08 11:00:00+00:00,91.54772186279297
2026-05-08 12:00:00+00:00,94.34370422363281
2026-05-08 13:00:00+00:00,103.42414855957031
2026-05-08 14:00:00+00:00,115.30195617675781
2026-05-08 15:00:00+00:00,131.36886596679688
2026-05-08 16:00:00+00:00,150.75665283203125
2026-05-08 17:00:00+00:00,188.40536499023438
2026-05-08 18:00:00+00:00,203.17962646484375
2026-05-08 19:00:00+00:00,169.76004028320312
2026-05-08 20:00:00+00:00,146.37393188476562
2026-05-08 21:00:00+00:00,134.07733154296875
2026-05-08 22:00:00+00:00,127.98368072509766
2026-05-08 23:00:00+00:00,120.83378601074219
2026-05-09 00:00:00+00:00,122.31647491455078
2026-05-09 01:00:00+00:00,120.85231018066406
2026-05-09 02:00:00+00:00,120.53115844726562
2026-05-09 03:00:00+00:00,122.29440307617188
2026-05-09 04:00:00+00:00,121.91629028320312
2026-05-09 05:00:00+00:00,117.91496276855469
2026-05-09 06:00:00+00:00,106.99334716796875
2026-05-09 07:00:00+00:00,92.3243637084961
2026-05-09 08:00:00+00:00,76.21479797363281
2026-05-09 09:00:00+00:00,60.20338439941406
2026-05-09 10:00:00+00:00,48.4139289855957
2026-05-09 11:00:00+00:00,40.842018127441406
2026-05-09 12:00:00+00:00,43.31895065307617
2026-05-09 13:00:00+00:00,56.30371856689453
2026-05-09 14:00:00+00:00,76.53941345214844
2026-05-09 15:00:00+00:00,105.03787994384766
2026-05-09 16:00:00+00:00,124.77350616455078
2026-05-09 17:00:00+00:00,143.0950927734375
2026-05-09 18:00:00+00:00,148.67471313476562
2026-05-09 19:00:00+00:00,141.68069458007812
2026-05-09 20:00:00+00:00,133.38253784179688
2026-05-09 21:00:00+00:00,128.01185607910156
2026-05-09 22:00:00+00:00,125.79904174804688
2026-05-09 23:00:00+00:00,122.82957458496094
2026-05-10 00:00:00+00:00,119.89295196533203
2026-05-10 01:00:00+00:00,117.71525573730469
2026-05-10 02:00:00+00:00,117.96409606933594
2026-05-10 03:00:00+00:00,117.44171142578125
2026-05-10 04:00:00+00:00,113.97512817382812
2026-05-10 05:00:00+00:00,105.40823364257812
2026-05-10 06:00:00+00:00,91.70857238769531
2026-05-10 07:00:00+00:00,66.82672882080078
2026-05-10 08:00:00+00:00,39.44941329956055
2026-05-10 09:00:00+00:00,19.305068969726562
2026-05-10 10:00:00+00:00,8.393379211425781
2026-05-10 11:00:00+00:00,1.2298965454101562
2026-05-10 12:00:00+00:00,0.08916473388671875
2026-05-10 13:00:00+00:00,9.740982055664062
2026-05-10 14:00:00+00:00,39.25570297241211
2026-05-10 15:00:00+00:00,89.55535125732422
2026-05-10 16:00:00+00:00,123.03733825683594
2026-05-10 17:00:00+00:00,142.06993103027344
2026-05-10 18:00:00+00:00,147.04043579101562
2026-05-10 19:00:00+00:00,141.00833129882812
2026-05-10 20:00:00+00:00,133.46450805664062
2026-05-10 21:00:00+00:00,126.29228210449219
2026-05-10 22:00:00+00:00,121.89312744140625
2026-05-10 23:00:00+00:00,117.51063537597656
2026-05-11 00:00:00+00:00,107.4140625
2026-05-11 01:00:00+00:00,106.7611083984375
2026-05-11 02:00:00+00:00,109.39802551269531
2026-05-11 03:00:00+00:00,121.96456909179688
2026-05-11 04:00:00+00:00,138.30746459960938
2026-05-11 05:00:00+00:00,142.1407470703125
2026-05-11 06:00:00+00:00,131.29061889648438
2026-05-11 07:00:00+00:00,109.96005249023438
2026-05-11 08:00:00+00:00,84.66785430908203
2026-05-11 09:00:00+00:00,65.64521789550781
2026-05-11 10:00:00+00:00,50.25761032104492
2026-05-11 11:00:00+00:00,42.346866607666016
2026-05-11 12:00:00+00:00,43.97434997558594
2026-05-11 13:00:00+00:00,55.76532745361328
2026-05-11 14:00:00+00:00,80.46379089355469
2026-05-11 15:00:00+00:00,107.20982360839844
2026-05-11 16:00:00+00:00,126.08404541015625
2026-05-11 17:00:00+00:00,145.12371826171875
2026-05-11 18:00:00+00:00,150.86485290527344
2026-05-11 19:00:00+00:00,140.05014038085938
2026-05-11 20:00:00+00:00,129.16207885742188
2026-05-11 21:00:00+00:00,121.03811645507812
2026-05-11 22:00:00+00:00,118.21698760986328
2026-05-11 23:00:00+00:00,115.1186294555664
2026-05-12 00:00:00+00:00,96.33251190185547
2026-05-12 01:00:00+00:00,96.95686340332031
2026-05-12 02:00:00+00:00,100.98954010009766
2026-05-12 03:00:00+00:00,110.24796295166016
2026-05-12 04:00:00+00:00,125.71833801269531
2026-05-12 05:00:00+00:00,132.05191040039062
2026-05-12 06:00:00+00:00,126.75419616699219
2026-05-12 07:00:00+00:00,111.15133666992188
2026-05-12 08:00:00+00:00,96.12673950195312
2026-05-12 09:00:00+00:00,84.68315887451172
2026-05-12 10:00:00+00:00,74.95582580566406
2026-05-12 11:00:00+00:00,67.86355590820312
2026-05-12 12:00:00+00:00,69.93778991699219
2026-05-12 13:00:00+00:00,76.99174499511719
2026-05-12 14:00:00+00:00,87.88760375976562
2026-05-12 15:00:00+00:00,104.19657897949219
2026-05-12 16:00:00+00:00,119.64010620117188
2026-05-12 17:00:00+00:00,133.11148071289062
2026-05-12 18:00:00+00:00,137.03433227539062
2026-05-12 19:00:00+00:00,129.70875549316406
2026-05-12 20:00:00+00:00,120.9283447265625
2026-05-12 21:00:00+00:00,113.33305358886719
2026-05-12 22:00:00+00:00,108.5526123046875
2026-05-12 23:00:00+00:00,106.04884338378906
2026-05-13 00:00:00+00:00,102.73954772949219
2026-05-13 01:00:00+00:00,101.63387298583984
2026-05-13 02:00:00+00:00,103.55302429199219
2026-05-13 03:00:00+00:00,113.13233947753906
2026-05-13 04:00:00+00:00,129.44491577148438
2026-05-13 05:00:00+00:00,136.01577758789062
2026-05-13 06:00:00+00:00,124.82713317871094
2026-05-13 07:00:00+00:00,104.8755874633789
2026-05-13 08:00:00+00:00,83.01068115234375
2026-05-13 09:00:00+00:00,65.5929946899414
2026-05-13 10:00:00+00:00,51.23731231689453
2026-05-13 11:00:00+00:00,41.886024475097656
2026-05-13 12:00:00+00:00,42.72398376464844
2026-05-13 13:00:00+00:00,56.407711029052734
2026-05-13 14:00:00+00:00,78.6020278930664
2026-05-13 15:00:00+00:00,102.52993774414062
2026-05-13 16:00:00+00:00,122.50703430175781
2026-05-13 17:00:00+00:00,141.9734344482422
2026-05-13 18:00:00+00:00,147.6775360107422
2026-05-13 19:00:00+00:00,138.72021484375
2026-05-13 20:00:00+00:00,127.91695404052734
2026-05-13 21:00:00+00:00,117.6388931274414
2026-05-13 22:00:00+00:00,112.65959167480469
2026-05-13 23:00:00+00:00,108.05148315429688
2026-05-14 00:00:00+00:00,116.77893829345703
2026-05-14 01:00:00+00:00,115.72496032714844
2026-05-14 02:00:00+00:00,117.32620239257812
2026-05-14 03:00:00+00:00,126.08116149902344
2026-05-14 04:00:00+00:00,141.83132934570312
2026-05-14 05:00:00+00:00,147.17422485351562
2026-05-14 06:00:00+00:00,136.92922973632812
2026-05-14 07:00:00+00:00,115.64971923828125
2026-05-14 08:00:00+00:00,100.08914184570312
2026-05-14 09:00:00+00:00,89.40680694580078
2026-05-14 10:00:00+00:00,80.4643325805664
2026-05-14 11:00:00+00:00,73.91558837890625
2026-05-14 12:00:00+00:00,76.92408752441406
2026-05-14 13:00:00+00:00,89.14905548095703
2026-05-14 14:00:00+00:00,102.14512634277344
2026-05-14 15:00:00+00:00,118.36326599121094
2026-05-14 16:00:00+00:00,135.38394165039062
2026-05-14 17:00:00+00:00,156.33242797851562
2026-05-14 18:00:00+00:00,166.88148498535156
2026-05-14 19:00:00+00:00,153.07034301757812
2026-05-14 20:00:00+00:00,137.99118041992188
2026-05-14 21:00:00+00:00,126.916015625
2026-05-14 22:00:00+00:00,124.00621795654297
2026-05-14 23:00:00+00:00,117.97420501708984
2026-05-15 00:00:00+00:00,126.57986450195312
2026-05-15 01:00:00+00:00,124.08016967773438
2026-05-15 02:00:00+00:00,123.7921371459961
2026-05-15 03:00:00+00:00,128.12608337402344
2026-05-15 04:00:00+00:00,136.2882080078125
2026-05-15 05:00:00+00:00,137.77359008789062
2026-05-15 06:00:00+00:00,126.966796875
2026-05-15 07:00:00+00:00,104.71711730957031
2026-05-15 08:00:00+00:00,84.0515365600586
2026-05-15 09:00:00+00:00,67.70045471191406
2026-05-15 10:00:00+00:00,54.01612854003906
2026-05-15 11:00:00+00:00,46.040550231933594
2026-05-15 12:00:00+00:00,45.59185791015625
2026-05-15 13:00:00+00:00,59.956825256347656
2026-05-15 14:00:00+00:00,85.56791687011719
2026-05-15 15:00:00+00:00,112.79154968261719
2026-05-15 16:00:00+00:00,131.53347778320312
2026-05-15 17:00:00+00:00,150.2065887451172
2026-05-15 18:00:00+00:00,155.84088134765625
2026-05-15 19:00:00+00:00,148.19302368164062
2026-05-15 20:00:00+00:00,136.59161376953125
2026-05-15 21:00:00+00:00,128.44180297851562
2026-05-15 22:00:00+00:00,127.11141204833984
2026-05-15 23:00:00+00:00,123.7944564819336
2026-05-16 00:00:00+00:00,120.09786224365234
2026-05-16 01:00:00+00:00,118.09972381591797
2026-05-16 02:00:00+00:00,118.57400512695312
2026-05-16 03:00:00+00:00,119.64938354492188
2026-05-16 04:00:00+00:00,119.43785095214844
2026-05-16 05:00:00+00:00,114.12147521972656
2026-05-16 06:00:00+00:00,100.45521545410156
2026-05-16 07:00:00+00:00,76.96841430664062
2026-05-16 08:00:00+00:00,52.35390853881836
2026-05-16 09:00:00+00:00,35.568668365478516
2026-05-16 10:00:00+00:00,25.934696197509766
2026-05-16 11:00:00+00:00,19.616668701171875
2026-05-16 12:00:00+00:00,18.408859252929688
2026-05-16 13:00:00+00:00,30.22946548461914
2026-05-16 14:00:00+00:00,57.65925598144531
2026-05-16 15:00:00+00:00,98.25629425048828
2026-05-16 16:00:00+00:00,125.61465454101562
2026-05-16 17:00:00+00:00,141.84201049804688
2026-05-16 18:00:00+00:00,149.69747924804688
2026-05-16 19:00:00+00:00,146.40879821777344
2026-05-16 20:00:00+00:00,139.03285217285156
2026-05-16 21:00:00+00:00,132.51254272460938
2026-05-16 22:00:00+00:00,127.74156188964844
2026-05-16 23:00:00+00:00,123.37226104736328
2026-05-17 00:00:00+00:00,115.98365783691406
2026-05-17 01:00:00+00:00,114.68995666503906
2026-05-17 02:00:00+00:00,115.3370590209961
2026-05-17 03:00:00+00:00,113.168212890625
2026-05-17 04:00:00+00:00,108.09086608886719
2026-05-17 05:00:00+00:00,97.78987121582031
2026-05-17 06:00:00+00:00,76.11333465576172
2026-05-17 07:00:00+00:00,36.6993293762207
2026-05-17 08:00:00+00:00,12.451316833496094
2026-05-17 09:00:00+00:00,5.005287170410156
2026-05-17 10:00:00+00:00,1.8463973999023438
2026-05-17 11:00:00+00:00,1.7690200805664062
2026-05-17 12:00:00+00:00,-1.850738525390625
2026-05-17 13:00:00+00:00,-1.646942138671875
2026-05-17 14:00:00+00:00,14.555137634277344
2026-05-17 15:00:00+00:00,74.66665649414062
2026-05-17 16:00:00+00:00,112.90656280517578
2026-05-17 17:00:00+00:00,126.36160278320312
2026-05-17 18:00:00+00:00,132.77584838867188
2026-05-17 19:00:00+00:00,132.51455688476562
2026-05-17 20:00:00+00:00,128.5604705810547
2026-05-17 21:00:00+00:00,121.80330657958984
2026-05-17 22:00:00+00:00,118.23153686523438
2026-05-17 23:00:00+00:00,112.78451538085938
2026-05-18 00:00:00+00:00,120.72145080566406
2026-05-18 01:00:00+00:00,117.81129455566406
2026-05-18 02:00:00+00:00,119.06939697265625
2026-05-18 03:00:00+00:00,127.55994415283203
2026-05-18 04:00:00+00:00,139.53077697753906
2026-05-18 05:00:00+00:00,143.25119018554688
2026-05-18 06:00:00+00:00,135.42718505859375
2026-05-18 07:00:00+00:00,120.12570190429688
2026-05-18 08:00:00+00:00,104.39979553222656
2026-05-18 09:00:00+00:00,90.40323638916016
2026-05-18 10:00:00+00:00,77.75599670410156
2026-05-18 11:00:00+00:00,66.74736785888672
2026-05-18 12:00:00+00:00,67.3986587524414
2026-05-18 13:00:00+00:00,79.80390167236328
2026-05-18 14:00:00+00:00,102.27506256103516
2026-05-18 15:00:00+00:00,123.43212127685547
2026-05-18 16:00:00+00:00,135.8566436767578
2026-05-18 17:00:00+00:00,149.49868774414062
2026-05-18 18:00:00+00:00,153.67324829101562
2026-05-18 19:00:00+00:00,149.86117553710938
2026-05-18 20:00:00+00:00,141.33871459960938
2026-05-18 21:00:00+00:00,132.94927978515625
2026-05-18 22:00:00+00:00,126.87649536132812
2026-05-18 23:00:00+00:00,121.44418334960938
2026-05-19 00:00:00+00:00,132.87814331054688
2026-05-19 01:00:00+00:00,130.36785888671875
2026-05-19 02:00:00+00:00,130.9905242919922
2026-05-19 03:00:00+00:00,138.367431640625
2026-05-19 04:00:00+00:00,154.63595581054688
2026-05-19 05:00:00+00:00,160.9237060546875
2026-05-19 06:00:00+00:00,152.56686401367188
2026-05-19 07:00:00+00:00,134.19326782226562
2026-05-19 08:00:00+00:00,120.62386322021484
2026-05-19 09:00:00+00:00,111.32080078125
2026-05-19 10:00:00+00:00,103.00669860839844
2026-05-19 11:00:00+00:00,97.87059020996094
2026-05-19 12:00:00+00:00,99.47520446777344
2026-05-19 13:00:00+00:00,108.51112365722656
2026-05-19 14:00:00+00:00,120.86744689941406
2026-05-19 15:00:00+00:00,137.84181213378906
2026-05-19 16:00:00+00:00,153.88348388671875
2026-05-19 17:00:00+00:00,176.01805114746094
2026-05-19 18:00:00+00:00,193.66476440429688
2026-05-19 19:00:00+00:00,171.52410888671875
2026-05-19 20:00:00+00:00,149.39739990234375
2026-05-19 21:00:00+00:00,137.6993408203125
2026-05-19 22:00:00+00:00,134.6120147705078
2026-05-19 23:00:00+00:00,129.46847534179688
2026-05-20 00:00:00+00:00,112.65106201171875
2026-05-20 01:00:00+00:00,111.99859619140625
2026-05-20 02:00:00+00:00,113.787353515625
2026-05-20 03:00:00+00:00,121.05422973632812
2026-05-20 04:00:00+00:00,134.00946044921875
2026-05-20 05:00:00+00:00,137.36956787109375
2026-05-20 06:00:00+00:00,128.68826293945312
2026-05-20 07:00:00+00:00,108.35401916503906
2026-05-20 08:00:00+00:00,90.33708190917969
2026-05-20 09:00:00+00:00,78.135498046875
2026-05-20 10:00:00+00:00,69.37117004394531
2026-05-20 11:00:00+00:00,64.14228057861328
2026-05-20 12:00:00+00:00,66.69178009033203
2026-05-20 13:00:00+00:00,77.0280990600586
2026-05-20 14:00:00+00:00,92.78797149658203
2026-05-20 15:00:00+00:00,112.43778228759766
2026-05-20 16:00:00+00:00,133.29347229003906
2026-05-20 17:00:00+00:00,155.61895751953125
2026-05-20 18:00:00+00:00,166.5447998046875
2026-05-20 19:00:00+00:00,152.83628845214844
2026-05-20 20:00:00+00:00,138.0304718017578
2026-05-20 21:00:00+00:00,128.25164794921875
2026-05-20 22:00:00+00:00,124.62387084960938
2026-05-20 23:00:00+00:00,119.36016845703125
2026-05-21 00:00:00+00:00,117.25988006591797
2026-05-21 01:00:00+00:00,116.09664916992188
2026-05-21 02:00:00+00:00,117.83454132080078
2026-05-21 03:00:00+00:00,125.78974914550781
2026-05-21 04:00:00+00:00,138.2207489013672
2026-05-21 05:00:00+00:00,138.8352813720703
2026-05-21 06:00:00+00:00,127.5595474243164
2026-05-21 07:00:00+00:00,105.99324035644531
2026-05-21 08:00:00+00:00,85.30784606933594
2026-05-21 09:00:00+00:00,72.08085632324219
2026-05-21 10:00:00+00:00,61.42893600463867
2026-05-21 11:00:00+00:00,51.803199768066406
2026-05-21 12:00:00+00:00,49.88770294189453
2026-05-21 13:00:00+00:00,60.87746047973633
2026-05-21 14:00:00+00:00,82.19992065429688
2026-05-21 15:00:00+00:00,110.40135192871094
2026-05-21 16:00:00+00:00,133.87042236328125
2026-05-21 17:00:00+00:00,154.27586364746094
2026-05-21 18:00:00+00:00,166.52194213867188
2026-05-21 19:00:00+00:00,156.06582641601562
2026-05-21 20:00:00+00:00,143.270263671875
2026-05-21 21:00:00+00:00,132.3338165283203
2026-05-21 22:00:00+00:00,127.68601989746094
2026-05-21 23:00:00+00:00,121.70854187011719
2026-05-22 00:00:00+00:00,130.3896026611328
2026-05-22 01:00:00+00:00,127.27246856689453
2026-05-22 02:00:00+00:00,128.84567260742188
2026-05-22 03:00:00+00:00,137.38494873046875
2026-05-22 04:00:00+00:00,149.02696228027344
2026-05-22 05:00:00+00:00,148.9909210205078
2026-05-22 06:00:00+00:00,136.26571655273438
2026-05-22 07:00:00+00:00,110.5994644165039
2026-05-22 08:00:00+00:00,84.50331115722656
2026-05-22 09:00:00+00:00,62.041297912597656
2026-05-22 10:00:00+00:00,47.05421829223633
2026-05-22 11:00:00+00:00,37.32926940917969
2026-05-22 12:00:00+00:00,37.151180267333984
2026-05-22 13:00:00+00:00,52.29001235961914
2026-05-22 14:00:00+00:00,78.64006042480469
2026-05-22 15:00:00+00:00,111.72806549072266
2026-05-22 16:00:00+00:00,138.3406982421875
2026-05-22 17:00:00+00:00,162.34725952148438
2026-05-22 18:00:00+00:00,176.76983642578125
2026-05-22 19:00:00+00:00,168.05152893066406
2026-05-22 20:00:00+00:00,153.70277404785156
2026-05-22 21:00:00+00:00,144.35328674316406
2026-05-22 22:00:00+00:00,138.85902404785156
2026-05-22 23:00:00+00:00,132.91307067871094
2026-05-23 00:00:00+00:00,126.66151428222656
2026-05-23 01:00:00+00:00,123.09555053710938
2026-05-23 02:00:00+00:00,122.54571533203125
2026-05-23 03:00:00+00:00,120.47305297851562
2026-05-23 04:00:00+00:00,117.05805969238281
2026-05-23 05:00:00+00:00,105.84397888183594
2026-05-23 06:00:00+00:00,82.47750854492188
2026-05-23 07:00:00+00:00,44.79220962524414
2026-05-23 08:00:00+00:00,6.652618408203125
2026-05-23 09:00:00+00:00,-12.417922973632812
2026-05-23 10:00:00+00:00,-22.05450439453125
2026-05-23 11:00:00+00:00,-28.818870544433594
2026-05-23 12:00:00+00:00,-27.76617431640625
2026-05-23 13:00:00+00:00,-15.132110595703125
2026-05-23 14:00:00+00:00,19.400405883789062
2026-05-23 15:00:00+00:00,75.39330291748047
2026-05-23 16:00:00+00:00,113.26278686523438
2026-05-23 17:00:00+00:00,141.28842163085938
2026-05-23 18:00:00+00:00,158.2906494140625
2026-05-23 19:00:00+00:00,152.5928955078125
2026-05-23 20:00:00+00:00,141.34527587890625
2026-05-23 21:00:00+00:00,133.6165771484375
2026-05-23 22:00:00+00:00,129.66549682617188
2026-05-23 23:00:00+00:00,126.0031967163086
2026-05-24 00:00:00+00:00,128.65203857421875
2026-05-24 01:00:00+00:00,124.18742370605469
2026-05-24 02:00:00+00:00,121.68803405761719
2026-05-24 03:00:00+00:00,115.29362487792969
2026-05-24 04:00:00+00:00,106.17152404785156
2026-05-24 05:00:00+00:00,86.89236450195312
2026-05-24 06:00:00+00:00,55.2167854309082
2026-05-24 07:00:00+00:00,17.113937377929688
2026-05-24 08:00:00+00:00,-5.715087890625
2026-05-24 09:00:00+00:00,-14.029754638671875
2026-05-24 10:00:00+00:00,-19.360816955566406
2026-05-24 11:00:00+00:00,-23.882461547851562
2026-05-24 12:00:00+00:00,-23.732749938964844
2026-05-24 13:00:00+00:00,-14.414176940917969
2026-05-24 14:00:00+00:00,14.614250183105469
2026-05-24 15:00:00+00:00,74.36253356933594
2026-05-24 16:00:00+00:00,126.20802307128906
2026-05-24 17:00:00+00:00,147.75782775878906
2026-05-24 18:00:00+00:00,161.7567901611328
2026-05-24 19:00:00+00:00,158.8513641357422
2026-05-24 20:00:00+00:00,148.9747314453125
2026-05-24 21:00:00+00:00,139.96351623535156
2026-05-24 22:00:00+00:00,134.3447723388672
2026-05-24 23:00:00+00:00,127.90238952636719
2026-05-25 00:00:00+00:00,122.22447204589844
2026-05-25 01:00:00+00:00,119.64850616455078
2026-05-25 02:00:00+00:00,122.06952667236328
2026-05-25 03:00:00+00:00,132.305419921875
2026-05-25 04:00:00+00:00,146.51339721679688
2026-05-25 05:00:00+00:00,145.34051513671875
2026-05-25 06:00:00+00:00,129.70773315429688
2026-05-25 07:00:00+00:00,101.91228485107422
2026-05-25 08:00:00+00:00,70.10052490234375
2026-05-25 09:00:00+00:00,41.54961395263672
2026-05-25 10:00:00+00:00,23.74433135986328
2026-05-25 11:00:00+00:00,14.924575805664062
2026-05-25 12:00:00+00:00,14.050209045410156
2026-05-25 13:00:00+00:00,34.06035614013672
2026-05-25 14:00:00+00:00,67.85774230957031
2026-05-25 15:00:00+00:00,100.75005340576172
2026-05-25 16:00:00+00:00,133.43203735351562
2026-05-25 17:00:00+00:00,161.69558715820312
2026-05-25 18:00:00+00:00,183.11849975585938
2026-05-25 19:00:00+00:00,170.23890686035156
2026-05-25 20:00:00+00:00,151.26324462890625
2026-05-25 21:00:00+00:00,137.49722290039062
2026-05-25 22:00:00+00:00,132.85751342773438
2026-05-25 23:00:00+00:00,127.04479217529297
2026-05-26 00:00:00+00:00,119.41281127929688
2026-05-26 01:00:00+00:00,118.1255111694336
2026-05-26 02:00:00+00:00,121.1277847290039
2026-05-26 03:00:00+00:00,126.55601501464844
2026-05-26 04:00:00+00:00,131.53842163085938
2026-05-26 05:00:00+00:00,124.20376586914062
2026-05-26 06:00:00+00:00,98.4356918334961
2026-05-26 07:00:00+00:00,60.43144989013672
2026-05-26 08:00:00+00:00,31.823760986328125
2026-05-26 09:00:00+00:00,13.283317565917969
2026-05-26 10:00:00+00:00,-0.5295944213867188
2026-05-26 11:00:00+00:00,-11.548797607421875
2026-05-26 12:00:00+00:00,-11.554801940917969
2026-05-26 13:00:00+00:00,3.824493408203125
2026-05-26 14:00:00+00:00,29.901290893554688
2026-05-26 15:00:00+00:00,64.2781753540039
2026-05-26 16:00:00+00:00,118.28401184082031
2026-05-26 17:00:00+00:00,148.83999633789062
2026-05-26 18:00:00+00:00,165.6884765625
2026-05-26 19:00:00+00:00,163.6088409423828
2026-05-26 20:00:00+00:00,148.98570251464844
2026-05-26 21:00:00+00:00,137.0854949951172
2026-05-26 22:00:00+00:00,130.64404296875
2026-05-26 23:00:00+00:00,123.69024658203125
2026-05-27 00:00:00+00:00,121.27726745605469
2026-05-27 01:00:00+00:00,119.85403442382812
2026-05-27 02:00:00+00:00,122.74087524414062
2026-05-27 03:00:00+00:00,133.1483917236328
2026-05-27 04:00:00+00:00,145.01309204101562
2026-05-27 05:00:00+00:00,140.18031311035156
2026-05-27 06:00:00+00:00,116.95297241210938
2026-05-27 07:00:00+00:00,76.51197814941406
2026-05-27 08:00:00+00:00,35.67268753051758
2026-05-27 09:00:00+00:00,13.508468627929688
2026-05-27 10:00:00+00:00,0.8951873779296875
2026-05-27 11:00:00+00:00,-9.262046813964844
2026-05-27 12:00:00+00:00,-8.9873046875
2026-05-27 13:00:00+00:00,5.023979187011719
2026-05-27 14:00:00+00:00,35.562042236328125
2026-05-27 15:00:00+00:00,81.06266021728516
2026-05-27 16:00:00+00:00,131.78392028808594
2026-05-27 17:00:00+00:00,166.4007568359375
2026-05-27 18:00:00+00:00,191.35031127929688
2026-05-27 19:00:00+00:00,177.7539520263672
2026-05-27 20:00:00+00:00,156.95635986328125
2026-05-27 21:00:00+00:00,140.44961547851562
2026-05-27 22:00:00+00:00,136.02932739257812
2026-05-27 23:00:00+00:00,128.76577758789062
2026-05-28 00:00:00+00:00,121.33212280273438
2026-05-28 01:00:00+00:00,118.83985137939453
2026-05-28 02:00:00+00:00,118.88983154296875
2026-05-28 03:00:00+00:00,123.10762023925781
2026-05-28 04:00:00+00:00,131.05410766601562
2026-05-28 05:00:00+00:00,128.31881713867188
2026-05-28 06:00:00+00:00,109.48731994628906
2026-05-28 07:00:00+00:00,71.79168701171875
2026-05-28 08:00:00+00:00,29.753616333007812
2026-05-28 09:00:00+00:00,14.768241882324219
2026-05-28 10:00:00+00:00,8.620895385742188
2026-05-28 11:00:00+00:00,2.7210693359375
2026-05-28 12:00:00+00:00,2.6713180541992188
2026-05-28 13:00:00+00:00,10.940711975097656
2026-05-28 14:00:00+00:00,32.27587127685547
2026-05-28 15:00:00+00:00,73.20880889892578
2026-05-28 16:00:00+00:00,120.3627700805664
2026-05-28 17:00:00+00:00,150.8933563232422
2026-05-28 18:00:00+00:00,169.42782592773438
2026-05-28 19:00:00+00:00,163.60647583007812
2026-05-28 20:00:00+00:00,147.08399963378906
2026-05-28 21:00:00+00:00,135.5283966064453
2026-05-28 22:00:00+00:00,131.4384002685547
2026-05-28 23:00:00+00:00,126.47595977783203
2026-05-29 00:00:00+00:00,125.09635162353516
2026-05-29 01:00:00+00:00,124.80616760253906
2026-05-29 02:00:00+00:00,129.86862182617188
2026-05-29 03:00:00+00:00,137.72549438476562
2026-05-29 04:00:00+00:00,151.73980712890625
2026-05-29 05:00:00+00:00,144.06155395507812
2026-05-29 06:00:00+00:00,119.35128784179688
2026-05-29 07:00:00+00:00,72.27869415283203
2026-05-29 08:00:00+00:00,25.175575256347656
2026-05-29 09:00:00+00:00,5.6622161865234375
2026-05-29 10:00:00+00:00,-3.27899169921875
2026-05-29 11:00:00+00:00,-8.545333862304688
2026-05-29 12:00:00+00:00,-7.736473083496094
2026-05-29 13:00:00+00:00,3.9218215942382812
2026-05-29 14:00:00+00:00,33.66065216064453
2026-05-29 15:00:00+00:00,82.85883331298828
2026-05-29 16:00:00+00:00,133.25698852539062
2026-05-29 17:00:00+00:00,177.8535614013672
2026-05-29 18:00:00+00:00,227.518310546875
2026-05-29 19:00:00+00:00,200.52183532714844
2026-05-29 20:00:00+00:00,164.07815551757812
2026-05-29 21:00:00+00:00,143.77633666992188
2026-05-29 22:00:00+00:00,139.2769775390625
2026-05-29 23:00:00+00:00,131.51657104492188
2026-05-30 00:00:00+00:00,123.18922424316406
2026-05-30 01:00:00+00:00,119.40457153320312
2026-05-30 02:00:00+00:00,116.72132873535156
2026-05-30 03:00:00+00:00,113.73243713378906
2026-05-30 04:00:00+00:00,110.73703002929688
2026-05-30 05:00:00+00:00,92.62852478027344
2026-05-30 06:00:00+00:00,56.09688949584961
2026-05-30 07:00:00+00:00,12.856193542480469
2026-05-30 08:00:00+00:00,-13.751113891601562
2026-05-30 09:00:00+00:00,-27.25475311279297
2026-05-30 10:00:00+00:00,-34.821617126464844
2026-05-30 11:00:00+00:00,-42.11902618408203
2026-05-30 12:00:00+00:00,-39.502967834472656
2026-05-30 13:00:00+00:00,-29.89257049560547
2026-05-30 14:00:00+00:00,-4.41583251953125
2026-05-30 15:00:00+00:00,50.73923110961914
2026-05-30 16:00:00+00:00,120.49632263183594
2026-05-30 17:00:00+00:00,159.53309631347656
2026-05-30 18:00:00+00:00,197.72930908203125
2026-05-30 19:00:00+00:00,181.70791625976562
2026-05-30 20:00:00+00:00,156.87501525878906
2026-05-30 21:00:00+00:00,141.39175415039062
2026-05-30 22:00:00+00:00,135.9927520751953
2026-05-30 23:00:00+00:00,127.72959899902344
2026-05-31 00:00:00+00:00,124.89108276367188
2026-05-31 01:00:00+00:00,120.55487060546875
2026-05-31 02:00:00+00:00,118.15757751464844
2026-05-31 03:00:00+00:00,114.38087463378906
2026-05-31 04:00:00+00:00,106.9744644165039
2026-05-31 05:00:00+00:00,85.2387466430664
2026-05-31 06:00:00+00:00,43.849308013916016
2026-05-31 07:00:00+00:00,7.301521301269531
2026-05-31 08:00:00+00:00,-7.0171356201171875
2026-05-31 09:00:00+00:00,-10.508544921875
2026-05-31 10:00:00+00:00,-13.84088134765625
2026-05-31 11:00:00+00:00,-17.60594940185547
2026-05-31 12:00:00+00:00,-17.79883575439453
2026-05-31 13:00:00+00:00,-14.048454284667969
2026-05-31 14:00:00+00:00,3.9371566772460938
2026-05-31 15:00:00+00:00,54.24486541748047
2026-05-31 16:00:00+00:00,112.29903411865234
2026-05-31 17:00:00+00:00,140.95535278320312
2026-05-31 18:00:00+00:00,159.01177978515625
2026-05-31 19:00:00+00:00,158.73080444335938
2026-05-31 20:00:00+00:00,147.60293579101562
2026-05-31 21:00:00+00:00,136.9141845703125
2026-05-31 22:00:00+00:00,132.4694366455078
2026-05-31 23:00:00+00:00,126.40464782714844
2026-06-01 00:00:00+00:00,122.66287994384766
2026-06-01 01:00:00+00:00,121.76177978515625
2026-06-01 02:00:00+00:00,123.4809341430664
2026-06-01 03:00:00+00:00,129.7814483642578
2026-06-01 04:00:00+00:00,137.64190673828125
2026-06-01 05:00:00+00:00,136.2570343017578
2026-06-01 06:00:00+00:00,124.05753326416016
2026-06-01 07:00:00+00:00,93.46890258789062
2026-06-01 08:00:00+00:00,53.617820739746094
2026-06-01 09:00:00+00:00,38.16395568847656
2026-06-01 10:00:00+00:00,30.878555297851562
2026-06-01 11:00:00+00:00,26.46691131591797
2026-06-01 12:00:00+00:00,24.429893493652344
2026-06-01 13:00:00+00:00,34.22773742675781
2026-06-01 14:00:00+00:00,62.4405632019043
2026-06-01 15:00:00+00:00,102.50164031982422
2026-06-01 16:00:00+00:00,133.26231384277344
2026-06-01 17:00:00+00:00,161.25967407226562
2026-06-01 18:00:00+00:00,185.36587524414062
2026-06-01 19:00:00+00:00,175.18930053710938
2026-06-01 20:00:00+00:00,155.14254760742188
2026-06-01 21:00:00+00:00,140.65029907226562
2026-06-01 22:00:00+00:00,135.3479766845703
2026-06-01 23:00:00+00:00,127.83462524414062
2026-06-02 00:00:00+00:00,124.61190795898438
2026-06-02 01:00:00+00:00,123.14982604980469
2026-06-02 02:00:00+00:00,126.52877044677734
2026-06-02 03:00:00+00:00,135.90391540527344
2026-06-02 04:00:00+00:00,154.36294555664062
2026-06-02 05:00:00+00:00,153.68939208984375
2026-06-02 06:00:00+00:00,140.275390625
2026-06-02 07:00:00+00:00,112.1258316040039
2026-06-02 08:00:00+00:00,81.53424072265625
2026-06-02 09:00:00+00:00,65.92088317871094
2026-06-02 10:00:00+00:00,60.347503662109375
2026-06-02 11:00:00+00:00,58.327728271484375
2026-06-02 12:00:00+00:00,60.00078201293945
2026-06-02 13:00:00+00:00,68.00970458984375
2026-06-02 14:00:00+00:00,90.60392761230469
2026-06-02 15:00:00+00:00,121.64620208740234
2026-06-02 16:00:00+00:00,149.89230346679688
2026-06-02 17:00:00+00:00,202.56094360351562
2026-06-02 18:00:00+00:00,266.4483642578125
2026-06-02 19:00:00+00:00,232.65171813964844
2026-06-02 20:00:00+00:00,175.54840087890625
2026-06-02 21:00:00+00:00,146.9154052734375
2026-06-02 22:00:00+00:00,134.72314453125
2026-06-02 23:00:00+00:00,125.83287048339844
2026-06-03 00:00:00+00:00,111.46640014648438
2026-06-03 01:00:00+00:00,110.50001525878906
2026-06-03 02:00:00+00:00,113.00687408447266
2026-06-03 03:00:00+00:00,119.56493377685547
2026-06-03 04:00:00+00:00,131.9593505859375
2026-06-03 05:00:00+00:00,135.0216522216797
2026-06-03 06:00:00+00:00,129.26348876953125
2026-06-03 07:00:00+00:00,113.96302795410156
2026-06-03 08:00:00+00:00,98.16749572753906
2026-06-03 09:00:00+00:00,88.31812286376953
2026-06-03 10:00:00+00:00,80.42208862304688
2026-06-03 11:00:00+00:00,75.58560943603516
2026-06-03 12:00:00+00:00,76.70740509033203
2026-06-03 13:00:00+00:00,84.62147521972656
2026-06-03 14:00:00+00:00,100.45536041259766
2026-06-03 15:00:00+00:00,119.21794128417969
2026-06-03 16:00:00+00:00,135.16380310058594
2026-06-03 17:00:00+00:00,155.24403381347656
2026-06-03 18:00:00+00:00,168.49644470214844
2026-06-03 19:00:00+00:00,159.89028930664062
2026-06-03 20:00:00+00:00,144.0028533935547
2026-06-03 21:00:00+00:00,130.97911071777344
2026-06-03 22:00:00+00:00,124.890625
2026-06-03 23:00:00+00:00,119.52630615234375
2026-06-04 00:00:00+00:00,76.1640853881836
2026-06-04 01:00:00+00:00,77.42971801757812
2026-06-04 02:00:00+00:00,82.7130126953125
2026-06-04 03:00:00+00:00,93.53216552734375
2026-06-04 04:00:00+00:00,110.60392761230469
2026-06-04 05:00:00+00:00,116.31451416015625
2026-06-04 06:00:00+00:00,109.47261047363281
2026-06-04 07:00:00+00:00,92.25390625
2026-06-04 08:00:00+00:00,71.47779846191406
2026-06-04 09:00:00+00:00,52.57686233520508
2026-06-04 10:00:00+00:00,34.65357208251953
2026-06-04 11:00:00+00:00,23.36211395263672
2026-06-04 12:00:00+00:00,20.648353576660156
2026-06-04 13:00:00+00:00,35.85227966308594
2026-06-04 14:00:00+00:00,67.20231628417969
2026-06-04 15:00:00+00:00,96.34678649902344
2026-06-04 16:00:00+00:00,121.54096984863281
2026-06-04 17:00:00+00:00,141.92710876464844
2026-06-04 18:00:00+00:00,151.94635009765625
2026-06-04 19:00:00+00:00,144.2781219482422
2026-06-04 20:00:00+00:00,131.97079467773438
2026-06-04 21:00:00+00:00,119.2484359741211
2026-06-04 22:00:00+00:00,113.29769134521484
2026-06-04 23:00:00+00:00,106.79071044921875
2026-06-05 00:00:00+00:00,76.36611938476562
2026-06-05 01:00:00+00:00,74.6073989868164
2026-06-05 02:00:00+00:00,76.76390075683594
2026-06-05 03:00:00+00:00,82.80409240722656
2026-06-05 04:00:00+00:00,93.94029998779297
2026-06-05 05:00:00+00:00,98.49710083007812
2026-06-05 06:00:00+00:00,89.20291900634766
2026-06-05 07:00:00+00:00,56.169593811035156
2026-06-05 08:00:00+00:00,25.699188232421875
2026-06-05 09:00:00+00:00,13.2410888671875
2026-06-05 10:00:00+00:00,8.281364440917969
2026-06-05 11:00:00+00:00,4.1100921630859375
2026-06-05 12:00:00+00:00,5.2581634521484375
2026-06-05 13:00:00+00:00,14.233390808105469
2026-06-05 14:00:00+00:00,40.69353485107422
2026-06-05 15:00:00+00:00,76.697509765625
2026-06-05 16:00:00+00:00,103.83805084228516
2026-06-05 17:00:00+00:00,122.97227478027344
2026-06-05 18:00:00+00:00,136.43121337890625
2026-06-05 19:00:00+00:00,132.0659637451172
2026-06-05 20:00:00+00:00,119.79117584228516
2026-06-05 21:00:00+00:00,107.68373107910156
2026-06-05 22:00:00+00:00,100.12826538085938
2026-06-05 23:00:00+00:00,95.59896850585938
2026-06-06 00:00:00+00:00,131.07606506347656
2026-06-06 01:00:00+00:00,129.5557861328125
2026-06-06 02:00:00+00:00,130.05422973632812
2026-06-06 03:00:00+00:00,129.9281768798828
2026-06-06 04:00:00+00:00,129.6888427734375
2026-06-06 05:00:00+00:00,123.7384033203125
2026-06-06 06:00:00+00:00,109.43281555175781
2026-06-06 07:00:00+00:00,74.2684097290039
2026-06-06 08:00:00+00:00,39.71030044555664
2026-06-06 09:00:00+00:00,29.673927307128906
2026-06-06 10:00:00+00:00,26.484649658203125
2026-06-06 11:00:00+00:00,23.631515502929688
2026-06-06 12:00:00+00:00,22.893089294433594
2026-06-06 13:00:00+00:00,28.885238647460938
2026-06-06 14:00:00+00:00,50.41178512573242
2026-06-06 15:00:00+00:00,95.60126495361328
2026-06-06 16:00:00+00:00,126.88776397705078
2026-06-06 17:00:00+00:00,148.5125732421875
2026-06-06 18:00:00+00:00,161.9630584716797
2026-06-06 19:00:00+00:00,162.25196838378906
2026-06-06 20:00:00+00:00,152.76210021972656
2026-06-06 21:00:00+00:00,144.53126525878906
2026-06-06 22:00:00+00:00,139.17393493652344
2026-06-06 23:00:00+00:00,133.68798828125
2026-06-07 00:00:00+00:00,99.99308013916016
2026-06-07 01:00:00+00:00,99.42835235595703
2026-06-07 02:00:00+00:00,99.60785675048828
2026-06-07 03:00:00+00:00,96.94087982177734
2026-06-07 04:00:00+00:00,91.36445617675781
2026-06-07 05:00:00+00:00,77.23986053466797
2026-06-07 06:00:00+00:00,53.058101654052734
2026-06-07 07:00:00+00:00,23.241058349609375
2026-06-07 08:00:00+00:00,4.612327575683594
2026-06-07 09:00:00+00:00,-1.926666259765625
2026-06-07 10:00:00+00:00,-5.5254669189453125
2026-06-07 11:00:00+00:00,-8.60491943359375
2026-06-07 12:00:00+00:00,-9.112045288085938
2026-06-07 13:00:00+00:00,-3.5559310913085938
2026-06-07 14:00:00+00:00,28.46013641357422
2026-06-07 15:00:00+00:00,76.66596221923828
2026-06-07 16:00:00+00:00,115.66851043701172
2026-06-07 17:00:00+00:00,133.43472290039062
2026-06-07 18:00:00+00:00,145.5990447998047
2026-06-07 19:00:00+00:00,145.358154296875
2026-06-07 20:00:00+00:00,135.87252807617188
2026-06-07 21:00:00+00:00,124.2279052734375
2026-06-07 22:00:00+00:00,117.80429077148438
2026-06-07 23:00:00+00:00,110.6314468383789
2026-06-08 00:00:00+00:00,127.09942626953125
2026-06-08 01:00:00+00:00,124.0460205078125
2026-06-08 02:00:00+00:00,124.9581527709961
2026-06-08 03:00:00+00:00,129.74949645996094
2026-06-08 04:00:00+00:00,137.295166015625
2026-06-08 05:00:00+00:00,137.81829833984375
2026-06-08 06:00:00+00:00,127.69131469726562
2026-06-08 07:00:00+00:00,102.99739837646484
2026-06-08 08:00:00+00:00,75.4041519165039
2026-06-08 09:00:00+00:00,55.37887954711914
2026-06-08 10:00:00+00:00,42.71811294555664
2026-06-08 11:00:00+00:00,36.40924072265625
2026-06-08 12:00:00+00:00,34.145652770996094
2026-06-08 13:00:00+00:00,45.745243072509766
2026-06-08 14:00:00+00:00,75.78990173339844
2026-06-08 15:00:00+00:00,108.9271469116211
2026-06-08 16:00:00+00:00,132.34324645996094
2026-06-08 17:00:00+00:00,156.469970703125
2026-06-08 18:00:00+00:00,170.62545776367188
2026-06-08 19:00:00+00:00,164.1316680908203
2026-06-08 20:00:00+00:00,150.26390075683594
2026-06-08 21:00:00+00:00,135.7868194580078
2026-06-08 22:00:00+00:00,128.8323211669922
2026-06-08 23:00:00+00:00,122.69603729248047
2026-06-09 00:00:00+00:00,118.16763305664062
2026-06-09 01:00:00+00:00,115.56330871582031
2026-06-09 02:00:00+00:00,115.91989135742188
2026-06-09 03:00:00+00:00,122.88790893554688
2026-06-09 04:00:00+00:00,133.5706787109375
2026-06-09 05:00:00+00:00,133.2086944580078
2026-06-09 06:00:00+00:00,122.62783813476562
2026-06-09 07:00:00+00:00,101.98371887207031
2026-06-09 08:00:00+00:00,80.39813995361328
2026-06-09 09:00:00+00:00,64.76182556152344
2026-06-09 10:00:00+00:00,53.69654083251953
2026-06-09 11:00:00+00:00,47.46063232421875
2026-06-09 12:00:00+00:00,48.07354736328125
2026-06-09 13:00:00+00:00,59.992488861083984
2026-06-09 14:00:00+00:00,86.00982666015625
2026-06-09 15:00:00+00:00,112.4432144165039
2026-06-09 16:00:00+00:00,138.31919860839844
2026-06-09 17:00:00+00:00,168.0566864013672
2026-06-09 18:00:00+00:00,188.84457397460938
2026-06-09 19:00:00+00:00,172.19778442382812
2026-06-09 20:00:00+00:00,149.24440002441406
2026-06-09 21:00:00+00:00,132.15106201171875
2026-06-09 22:00:00+00:00,126.972900390625
2026-06-09 23:00:00+00:00,119.7421875
2026-06-10 00:00:00+00:00,113.6156005859375
2026-06-10 01:00:00+00:00,110.56832122802734
2026-06-10 02:00:00+00:00,112.25678253173828
2026-06-10 03:00:00+00:00,120.3765869140625
2026-06-10 04:00:00+00:00,131.08782958984375
2026-06-10 05:00:00+00:00,131.03509521484375
2026-06-10 06:00:00+00:00,120.04191589355469
2026-06-10 07:00:00+00:00,96.95413970947266
2026-06-10 08:00:00+00:00,69.61100769042969
2026-06-10 09:00:00+00:00,46.773128509521484
2026-06-10 10:00:00+00:00,32.475990295410156
2026-06-10 11:00:00+00:00,24.921707153320312
2026-06-10 12:00:00+00:00,23.546524047851562
2026-06-10 13:00:00+00:00,35.986305236816406
2026-06-10 14:00:00+00:00,66.36373138427734
2026-06-10 15:00:00+00:00,101.58250427246094
2026-06-10 16:00:00+00:00,129.96783447265625
2026-06-10 17:00:00+00:00,152.33120727539062
2026-06-10 18:00:00+00:00,165.0515899658203
2026-06-10 19:00:00+00:00,159.34664916992188
2026-06-10 20:00:00+00:00,146.27984619140625
2026-06-10 21:00:00+00:00,131.86862182617188
2026-06-10 22:00:00+00:00,125.72080993652344
2026-06-10 23:00:00+00:00,119.54654693603516
2026-06-11 00:00:00+00:00,128.44558715820312
2026-06-11 01:00:00+00:00,125.20094299316406
2026-06-11 02:00:00+00:00,125.50032043457031
2026-06-11 03:00:00+00:00,131.5574188232422
2026-06-11 04:00:00+00:00,140.42752075195312
2026-06-11 05:00:00+00:00,141.4509735107422
2026-06-11 06:00:00+00:00,133.31759643554688
2026-06-11 07:00:00+00:00,113.79463958740234
2026-06-11 08:00:00+00:00,93.66221618652344
2026-06-11 09:00:00+00:00,79.19082641601562
2026-06-11 10:00:00+00:00,68.13236999511719
2026-06-11 11:00:00+00:00,61.95636749267578
2026-06-11 12:00:00+00:00,62.411197662353516
2026-06-11 13:00:00+00:00,71.66162109375
2026-06-11 14:00:00+00:00,95.23365783691406
2026-06-11 15:00:00+00:00,119.58238220214844
2026-06-11 16:00:00+00:00,141.1881103515625
2026-06-11 17:00:00+00:00,170.56777954101562
2026-06-11 18:00:00+00:00,202.81851196289062
2026-06-11 19:00:00+00:00,187.73500061035156
2026-06-11 20:00:00+00:00,160.11988830566406
2026-06-11 21:00:00+00:00,141.54676818847656
2026-06-11 22:00:00+00:00,135.54269409179688
2026-06-11 23:00:00+00:00,127.7731704711914
2026-06-12 00:00:00+00:00,100.20856475830078
2026-06-12 01:00:00+00:00,98.02619934082031
2026-06-12 02:00:00+00:00,100.57486724853516
2026-06-12 03:00:00+00:00,107.32772064208984
2026-06-12 04:00:00+00:00,118.29222106933594
2026-06-12 05:00:00+00:00,120.52184295654297
2026-06-12 06:00:00+00:00,111.30412292480469
2026-06-12 07:00:00+00:00,90.03147888183594
2026-06-12 08:00:00+00:00,66.09021759033203
2026-06-12 09:00:00+00:00,46.894561767578125
2026-06-12 10:00:00+00:00,35.021400451660156
2026-06-12 11:00:00+00:00,29.195343017578125
2026-06-12 12:00:00+00:00,27.690444946289062
2026-06-12 13:00:00+00:00,39.10028839111328
2026-06-12 14:00:00+00:00,68.60404968261719
2026-06-12 15:00:00+00:00,99.58661651611328
2026-06-12 16:00:00+00:00,127.0240249633789
2026-06-12 17:00:00+00:00,145.80535888671875
2026-06-12 18:00:00+00:00,164.92291259765625
2026-06-12 19:00:00+00:00,161.4810333251953
2026-06-12 20:00:00+00:00,142.91708374023438
2026-06-12 21:00:00+00:00,128.66070556640625
2026-06-12 22:00:00+00:00,123.5105972290039
2026-06-12 23:00:00+00:00,117.08169555664062
2026-06-13 00:00:00+00:00,71.24683380126953
2026-06-13 01:00:00+00:00,70.23407745361328
2026-06-13 02:00:00+00:00,71.41364288330078
2026-06-13 03:00:00+00:00,72.37885284423828
2026-06-13 04:00:00+00:00,72.56820678710938
2026-06-13 05:00:00+00:00,68.83056640625
2026-06-13 06:00:00+00:00,58.548519134521484
2026-06-13 07:00:00+00:00,37.398536682128906
2026-06-13 08:00:00+00:00,18.74347686767578
2026-06-13 09:00:00+00:00,11.66021728515625
2026-06-13 10:00:00+00:00,6.626869201660156
2026-06-13 11:00:00+00:00,2.0999374389648438
2026-06-13 12:00:00+00:00,0.7276077270507812
2026-06-13 13:00:00+00:00,6.225212097167969
2026-06-13 14:00:00+00:00,25.772186279296875
2026-06-13 15:00:00+00:00,58.146385192871094
2026-06-13 16:00:00+00:00,88.88255310058594
2026-06-13 17:00:00+00:00,110.26870727539062
2026-06-13 18:00:00+00:00,122.2926254272461
2026-06-13 19:00:00+00:00,124.7757339477539
2026-06-13 20:00:00+00:00,119.59138488769531
2026-06-13 21:00:00+00:00,112.63682556152344
2026-06-13 22:00:00+00:00,106.95567321777344
2026-06-13 23:00:00+00:00,101.04365539550781
2026-06-14 00:00:00+00:00,43.27066421508789
2026-06-14 01:00:00+00:00,38.540584564208984
2026-06-14 02:00:00+00:00,32.82276153564453
2026-06-14 03:00:00+00:00,21.67304229736328
2026-06-14 04:00:00+00:00,6.117317199707031
2026-06-14 05:00:00+00:00,-7.7288665771484375
2026-06-14 06:00:00+00:00,-16.69451904296875
2026-06-14 07:00:00+00:00,-20.45879364013672
2026-06-14 08:00:00+00:00,-22.03009796142578
2026-06-14 09:00:00+00:00,-24.338363647460938
2026-06-14 10:00:00+00:00,-27.176979064941406
2026-06-14 11:00:00+00:00,-28.5072021484375
2026-06-14 12:00:00+00:00,-28.79119110107422
2026-06-14 13:00:00+00:00,-26.33625030517578
2026-06-14 14:00:00+00:00,-15.345527648925781
2026-06-14 15:00:00+00:00,9.710586547851562
2026-06-14 16:00:00+00:00,57.41901779174805
2026-06-14 17:00:00+00:00,88.94233703613281
2026-06-14 18:00:00+00:00,107.01869201660156
2026-06-14 19:00:00+00:00,112.76765441894531
2026-06-14 20:00:00+00:00,112.35862731933594
2026-06-14 21:00:00+00:00,106.2515640258789
2026-06-14 22:00:00+00:00,97.75411224365234
2026-06-14 23:00:00+00:00,89.24378204345703
2026-06-15 00:00:00+00:00,88.01466369628906
2026-06-15 01:00:00+00:00,86.37672424316406
2026-06-15 02:00:00+00:00,88.57799530029297
2026-06-15 03:00:00+00:00,94.14321899414062
2026-06-15 04:00:00+00:00,103.65457153320312
2026-06-15 05:00:00+00:00,106.78189849853516
2026-06-15 06:00:00+00:00,100.6445541381836
2026-06-15 07:00:00+00:00,85.34648132324219
2026-06-15 08:00:00+00:00,67.37418365478516
2026-06-15 09:00:00+00:00,51.7423210144043
2026-06-15 10:00:00+00:00,37.51906967163086
2026-06-15 11:00:00+00:00,28.784942626953125
2026-06-15 12:00:00+00:00,25.105941772460938
2026-06-15 13:00:00+00:00,32.79374694824219
2026-06-15 14:00:00+00:00,54.854225158691406
2026-06-15 15:00:00+00:00,80.36546325683594
2026-06-15 16:00:00+00:00,107.84040832519531
2026-06-15 17:00:00+00:00,130.6885528564453
2026-06-15 18:00:00+00:00,146.73291015625
2026-06-15 19:00:00+00:00,142.6348114013672
2026-06-15 20:00:00+00:00,129.12767028808594
2026-06-15 21:00:00+00:00,115.2440185546875
2026-06-15 22:00:00+00:00,107.80432891845703
2026-06-15 23:00:00+00:00,100.28128051757812
2026-06-16 00:00:00+00:00,113.91790008544922
2026-06-16 01:00:00+00:00,111.68112182617188
2026-06-16 02:00:00+00:00,112.4481201171875
2026-06-16 03:00:00+00:00,118.65614318847656
2026-06-16 04:00:00+00:00,128.8087921142578
2026-06-16 05:00:00+00:00,128.99908447265625
2026-06-16 06:00:00+00:00,118.4765625
2026-06-16 07:00:00+00:00,94.88350677490234
2026-06-16 08:00:00+00:00,68.9788818359375
2026-06-16 09:00:00+00:00,49.43718719482422
2026-06-16 10:00:00+00:00,40.013282775878906
2026-06-16 11:00:00+00:00,35.91675567626953
2026-06-16 12:00:00+00:00,35.64945602416992
2026-06-16 13:00:00+00:00,44.11891174316406
2026-06-16 14:00:00+00:00,65.900390625
2026-06-16 15:00:00+00:00,97.75191497802734
2026-06-16 16:00:00+00:00,124.82733917236328
2026-06-16 17:00:00+00:00,152.21128845214844
2026-06-16 18:00:00+00:00,165.99832153320312
2026-06-16 19:00:00+00:00,160.5553436279297
2026-06-16 20:00:00+00:00,146.0963134765625
2026-06-16 21:00:00+00:00,129.4024658203125
2026-06-16 22:00:00+00:00,122.075439453125
2026-06-16 23:00:00+00:00,114.96065521240234
2026-06-17 00:00:00+00:00,125.98443603515625
2026-06-17 01:00:00+00:00,120.77007293701172
2026-06-17 02:00:00+00:00,119.7562026977539
2026-06-17 03:00:00+00:00,124.79509735107422
2026-06-17 04:00:00+00:00,134.46160888671875
2026-06-17 05:00:00+00:00,136.8089141845703
2026-06-17 06:00:00+00:00,129.76617431640625
2026-06-17 07:00:00+00:00,111.55902862548828
2026-06-17 08:00:00+00:00,92.04933166503906
2026-06-17 09:00:00+00:00,76.14358520507812
2026-06-17 10:00:00+00:00,62.908447265625
2026-06-17 11:00:00+00:00,52.78356170654297
2026-06-17 12:00:00+00:00,49.51432800292969
2026-06-17 13:00:00+00:00,60.23203659057617
2026-06-17 14:00:00+00:00,82.97367858886719
2026-06-17 15:00:00+00:00,108.33704376220703
2026-06-17 16:00:00+00:00,128.646728515625
2026-06-17 17:00:00+00:00,151.5463104248047
2026-06-17 18:00:00+00:00,173.28756713867188
2026-06-17 19:00:00+00:00,169.12161254882812
2026-06-17 20:00:00+00:00,151.8157958984375
2026-06-17 21:00:00+00:00,133.88343811035156
2026-06-17 22:00:00+00:00,127.39707946777344
2026-06-17 23:00:00+00:00,119.75193786621094
2026-06-18 00:00:00+00:00,119.84500122070312
2026-06-18 01:00:00+00:00,116.69441986083984
2026-06-18 02:00:00+00:00,116.03264617919922
2026-06-18 03:00:00+00:00,118.92875671386719
2026-06-18 04:00:00+00:00,127.20130157470703
2026-06-18 05:00:00+00:00,128.04107666015625
2026-06-18 06:00:00+00:00,120.26167297363281
2026-06-18 07:00:00+00:00,102.85102844238281
2026-06-18 08:00:00+00:00,85.81233978271484
2026-06-18 09:00:00+00:00,74.18494415283203
2026-06-18 10:00:00+00:00,65.38048553466797
2026-06-18 11:00:00+00:00,56.61870574951172
2026-06-18 12:00:00+00:00,54.71346664428711
2026-06-18 13:00:00+00:00,63.13463592529297
2026-06-18 14:00:00+00:00,82.463134765625
2026-06-18 15:00:00+00:00,104.59384155273438
2026-06-18 16:00:00+00:00,122.62895202636719
2026-06-18 17:00:00+00:00,144.48875427246094
2026-06-18 18:00:00+00:00,162.3916015625
2026-06-18 19:00:00+00:00,160.7337188720703
2026-06-18 20:00:00+00:00,145.968505859375
2026-06-18 21:00:00+00:00,129.43707275390625
2026-06-18 22:00:00+00:00,124.35079956054688
2026-06-18 23:00:00+00:00,117.99949645996094
2026-06-19 00:00:00+00:00,120.42146301269531
2026-06-19 01:00:00+00:00,115.06379699707031
2026-06-19 02:00:00+00:00,114.92588806152344
2026-06-19 03:00:00+00:00,119.96879577636719
2026-06-19 04:00:00+00:00,130.99462890625
2026-06-19 05:00:00+00:00,133.0391082763672
2026-06-19 06:00:00+00:00,123.64337158203125
2026-06-19 07:00:00+00:00,101.06051635742188
2026-06-19 08:00:00+00:00,74.25057220458984
2026-06-19 09:00:00+00:00,54.649139404296875
2026-06-19 10:00:00+00:00,41.70175552368164
2026-06-19 11:00:00+00:00,33.06333541870117
2026-06-19 12:00:00+00:00,30.675323486328125
2026-06-19 13:00:00+00:00,43.54176712036133
2026-06-19 14:00:00+00:00,72.80460357666016
2026-06-19 15:00:00+00:00,104.90499114990234
2026-06-19 16:00:00+00:00,135.6077880859375
2026-06-19 17:00:00+00:00,181.5608673095703
2026-06-19 18:00:00+00:00,247.8636474609375
2026-06-19 19:00:00+00:00,235.17660522460938
2026-06-19 20:00:00+00:00,183.66656494140625
2026-06-19 21:00:00+00:00,148.9306640625
2026-06-19 22:00:00+00:00,135.37660217285156
2026-06-19 23:00:00+00:00,125.70462036132812
2026-06-20 00:00:00+00:00,119.21489715576172
2026-06-20 01:00:00+00:00,116.48920440673828
2026-06-20 02:00:00+00:00,117.21424865722656
2026-06-20 03:00:00+00:00,116.07472229003906
2026-06-20 04:00:00+00:00,111.5347900390625
2026-06-20 05:00:00+00:00,101.80166625976562
2026-06-20 06:00:00+00:00,83.28031921386719
2026-06-20 07:00:00+00:00,54.6895637512207
2026-06-20 08:00:00+00:00,28.733840942382812
2026-06-20 09:00:00+00:00,16.248016357421875
2026-06-20 10:00:00+00:00,10.626388549804688
2026-06-20 11:00:00+00:00,6.333244323730469
2026-06-20 12:00:00+00:00,7.725257873535156
2026-06-20 13:00:00+00:00,16.304733276367188
2026-06-20 14:00:00+00:00,39.88082504272461
2026-06-20 15:00:00+00:00,76.70100402832031
2026-06-20 16:00:00+00:00,109.1153564453125
2026-06-20 17:00:00+00:00,137.47232055664062
2026-06-20 18:00:00+00:00,155.3567657470703
2026-06-20 19:00:00+00:00,157.09408569335938
2026-06-20 20:00:00+00:00,146.200927734375
2026-06-20 21:00:00+00:00,134.17086791992188
2026-06-20 22:00:00+00:00,126.34705352783203
2026-06-20 23:00:00+00:00,119.56082153320312
2026-06-21 00:00:00+00:00,124.78047180175781
2026-06-21 01:00:00+00:00,123.51158905029297
2026-06-21 02:00:00+00:00,122.51515197753906
2026-06-21 03:00:00+00:00,116.2336196899414
2026-06-21 04:00:00+00:00,107.38785552978516
2026-06-21 05:00:00+00:00,94.10279846191406
2026-06-21 06:00:00+00:00,75.07037353515625
2026-06-21 07:00:00+00:00,46.21604537963867
2026-06-21 08:00:00+00:00,19.852096557617188
2026-06-21 09:00:00+00:00,7.317253112792969
2026-06-21 10:00:00+00:00,-1.4223175048828125
2026-06-21 11:00:00+00:00,-8.966880798339844
2026-06-21 12:00:00+00:00,-9.68218994140625
2026-06-21 13:00:00+00:00,-1.4493637084960938
2026-06-21 14:00:00+00:00,29.302284240722656
2026-06-21 15:00:00+00:00,70.7760238647461
2026-06-21 16:00:00+00:00,110.28814697265625
2026-06-21 17:00:00+00:00,139.5777587890625
2026-06-21 18:00:00+00:00,158.26463317871094
2026-06-21 19:00:00+00:00,160.20916748046875
2026-06-21 20:00:00+00:00,152.05880737304688
2026-06-21 21:00:00+00:00,140.18673706054688
2026-06-21 22:00:00+00:00,133.90428161621094
2026-06-21 23:00:00+00:00,125.47016143798828
2026-06-22 00:00:00+00:00,115.6084976196289
2026-06-22 01:00:00+00:00,112.73855590820312
2026-06-22 02:00:00+00:00,113.19056701660156
2026-06-22 03:00:00+00:00,119.50773620605469
2026-06-22 04:00:00+00:00,128.9873504638672
2026-06-22 05:00:00+00:00,128.1661376953125
2026-06-22 06:00:00+00:00,115.98090362548828
2026-06-22 07:00:00+00:00,89.17565155029297
2026-06-22 08:00:00+00:00,56.14273452758789
2026-06-22 09:00:00+00:00,37.15193176269531
2026-06-22 10:00:00+00:00,27.06525421142578
2026-06-22 11:00:00+00:00,22.449264526367188
2026-06-22 12:00:00+00:00,21.389190673828125
2026-06-22 13:00:00+00:00,31.346736907958984
2026-06-22 14:00:00+00:00,57.62725830078125
2026-06-22 15:00:00+00:00,94.49348449707031
2026-06-22 16:00:00+00:00,122.09515380859375
2026-06-22 17:00:00+00:00,151.23269653320312
2026-06-22 18:00:00+00:00,169.6421356201172
2026-06-22 19:00:00+00:00,166.79745483398438
2026-06-22 20:00:00+00:00,150.93597412109375
2026-06-22 21:00:00+00:00,134.0774688720703
2026-06-22 22:00:00+00:00,127.35016632080078
2026-06-22 23:00:00+00:00,120.8773422241211
2026-06-23 00:00:00+00:00,130.91659545898438
2026-06-23 01:00:00+00:00,125.5691146850586
2026-06-23 02:00:00+00:00,124.56257629394531
2026-06-23 03:00:00+00:00,130.4266815185547
2026-06-23 04:00:00+00:00,142.84385681152344
2026-06-23 05:00:00+00:00,140.177978515625
2026-06-23 06:00:00+00:00,126.95494842529297
2026-06-23 07:00:00+00:00,105.79147338867188
2026-06-23 08:00:00+00:00,80.51834106445312
2026-06-23 09:00:00+00:00,57.87316131591797
2026-06-23 10:00:00+00:00,44.08488082885742
2026-06-23 11:00:00+00:00,36.0480842590332
2026-06-23 12:00:00+00:00,36.66264724731445
2026-06-23 13:00:00+00:00,53.98748016357422
2026-06-23 14:00:00+00:00,82.6972885131836
2026-06-23 15:00:00+00:00,112.16231536865234
2026-06-23 16:00:00+00:00,141.10340881347656
2026-06-23 17:00:00+00:00,185.62770080566406
2026-06-23 18:00:00+00:00,245.37704467773438
2026-06-23 19:00:00+00:00,226.73294067382812
2026-06-23 20:00:00+00:00,176.35861206054688
2026-06-23 21:00:00+00:00,144.5450439453125
2026-06-23 22:00:00+00:00,136.22332763671875
2026-06-23 23:00:00+00:00,127.6233901977539
2026-06-24 00:00:00+00:00,142.08001708984375
2026-06-24 01:00:00+00:00,136.32693481445312
2026-06-24 02:00:00+00:00,136.04718017578125
2026-06-24 03:00:00+00:00,141.36985778808594
2026-06-24 04:00:00+00:00,153.4675750732422
2026-06-24 05:00:00+00:00,149.37850952148438
2026-06-24 06:00:00+00:00,132.48651123046875
2026-06-24 07:00:00+00:00,111.15069580078125
2026-06-24 08:00:00+00:00,84.2540512084961
2026-06-24 09:00:00+00:00,63.36206817626953
2026-06-24 10:00:00+00:00,53.81112289428711
2026-06-24 11:00:00+00:00,51.482357025146484
2026-06-24 12:00:00+00:00,56.770721435546875
2026-06-24 13:00:00+00:00,71.37548065185547
2026-06-24 14:00:00+00:00,96.27377319335938
2026-06-24 15:00:00+00:00,123.71418762207031
2026-06-24 16:00:00+00:00,158.34808349609375
2026-06-24 17:00:00+00:00,275.7679443359375
2026-06-24 18:00:00+00:00,459.57220458984375
2026-06-24 19:00:00+00:00,437.14703369140625
2026-06-24 20:00:00+00:00,263.7845458984375
2026-06-24 21:00:00+00:00,177.01223754882812
2026-06-24 22:00:00+00:00,159.37144470214844
2026-06-24 23:00:00+00:00,145.91244506835938
2026-06-25 00:00:00+00:00,142.00094604492188
2026-06-25 01:00:00+00:00,138.6763916015625
2026-06-25 02:00:00+00:00,140.56289672851562
2026-06-25 03:00:00+00:00,149.48782348632812
2026-06-25 04:00:00+00:00,168.6522674560547
2026-06-25 05:00:00+00:00,163.79904174804688
2026-06-25 06:00:00+00:00,143.02548217773438
2026-06-25 07:00:00+00:00,119.09501647949219
2026-06-25 08:00:00+00:00,93.88739776611328
2026-06-25 09:00:00+00:00,71.99652862548828
2026-06-25 10:00:00+00:00,60.32476043701172
2026-06-25 11:00:00+00:00,56.479942321777344
2026-06-25 12:00:00+00:00,61.68119812011719
2026-06-25 13:00:00+00:00,76.25054931640625
2026-06-25 14:00:00+00:00,100.57313537597656
2026-06-25 15:00:00+00:00,129.6573944091797
2026-06-25 16:00:00+00:00,182.45831298828125
2026-06-25 17:00:00+00:00,373.750732421875
2026-06-25 18:00:00+00:00,611.473388671875
2026-06-25 19:00:00+00:00,573.2919921875
2026-06-25 20:00:00+00:00,351.71136474609375
2026-06-25 21:00:00+00:00,212.87554931640625
2026-06-25 22:00:00+00:00,173.74644470214844
2026-06-25 23:00:00+00:00,155.09597778320312
2026-06-26 00:00:00+00:00,124.4672622680664
2026-06-26 01:00:00+00:00,121.01136016845703
2026-06-26 02:00:00+00:00,120.82100677490234
2026-06-26 03:00:00+00:00,125.13290405273438
2026-06-26 04:00:00+00:00,139.45155334472656
2026-06-26 05:00:00+00:00,136.7367401123047
2026-06-26 06:00:00+00:00,121.0699234008789
2026-06-26 07:00:00+00:00,100.8650131225586
2026-06-26 08:00:00+00:00,79.54513549804688
2026-06-26 09:00:00+00:00,59.89723205566406
2026-06-26 10:00:00+00:00,44.752281188964844
2026-06-26 11:00:00+00:00,40.51543045043945
2026-06-26 12:00:00+00:00,45.446590423583984
2026-06-26 13:00:00+00:00,61.64731216430664
2026-06-26 14:00:00+00:00,85.28471374511719
2026-06-26 15:00:00+00:00,109.13787078857422
2026-06-26 16:00:00+00:00,137.545166015625
2026-06-26 17:00:00+00:00,198.65689086914062
2026-06-26 18:00:00+00:00,277.01593017578125
2026-06-26 19:00:00+00:00,253.349609375
2026-06-26 20:00:00+00:00,185.62850952148438
2026-06-26 21:00:00+00:00,151.6925048828125
2026-06-26 22:00:00+00:00,138.04141235351562
2026-06-26 23:00:00+00:00,129.57777404785156
2026-06-27 00:00:00+00:00,124.04801940917969
2026-06-27 01:00:00+00:00,120.66471099853516
2026-06-27 02:00:00+00:00,121.03589630126953
2026-06-27 03:00:00+00:00,119.86409759521484
2026-06-27 04:00:00+00:00,117.96887969970703
2026-06-27 05:00:00+00:00,105.48681640625
2026-06-27 06:00:00+00:00,84.38009643554688
2026-06-27 07:00:00+00:00,44.41097640991211
2026-06-27 08:00:00+00:00,14.900077819824219
2026-06-27 09:00:00+00:00,6.5494842529296875
2026-06-27 10:00:00+00:00,5.022712707519531
2026-06-27 11:00:00+00:00,2.8500442504882812
2026-06-27 12:00:00+00:00,3.0128707885742188
2026-06-27 13:00:00+00:00,4.393348693847656
2026-06-27 14:00:00+00:00,22.067230224609375
2026-06-27 15:00:00+00:00,78.37709045410156
2026-06-27 16:00:00+00:00,118.55215454101562
2026-06-27 17:00:00+00:00,154.18771362304688
2026-06-27 18:00:00+00:00,185.94943237304688
2026-06-27 19:00:00+00:00,188.04595947265625
2026-06-27 20:00:00+00:00,166.334228515625
2026-06-27 21:00:00+00:00,143.746337890625
2026-06-27 22:00:00+00:00,131.92730712890625
2026-06-27 23:00:00+00:00,124.1790771484375
2026-06-28 00:00:00+00:00,122.75470733642578
2026-06-28 01:00:00+00:00,118.59873962402344
2026-06-28 02:00:00+00:00,116.20986938476562
2026-06-28 03:00:00+00:00,110.90802764892578
2026-06-28 04:00:00+00:00,102.86893463134766
2026-06-28 05:00:00+00:00,89.88972473144531
2026-06-28 06:00:00+00:00,69.24916076660156
2026-06-28 07:00:00+00:00,30.75756072998047
2026-06-28 08:00:00+00:00,3.2113265991210938
2026-06-28 09:00:00+00:00,-1.9626083374023438
2026-06-28 10:00:00+00:00,-1.9428024291992188
2026-06-28 11:00:00+00:00,-2.6564712524414062
2026-06-28 12:00:00+00:00,-3.351806640625
2026-06-28 13:00:00+00:00,-1.7422866821289062
2026-06-28 14:00:00+00:00,18.044639587402344
2026-06-28 15:00:00+00:00,73.75979614257812
2026-06-28 16:00:00+00:00,109.98224639892578
2026-06-28 17:00:00+00:00,144.3924560546875
2026-06-28 18:00:00+00:00,177.24197387695312
2026-06-28 19:00:00+00:00,177.82046508789062
2026-06-28 20:00:00+00:00,161.8900146484375
2026-06-28 21:00:00+00:00,144.07949829101562
2026-06-28 22:00:00+00:00,135.5625457763672
2026-06-28 23:00:00+00:00,126.49017333984375
2026-06-29 00:00:00+00:00,110.15679168701172
2026-06-29 01:00:00+00:00,110.378662109375
2026-06-29 02:00:00+00:00,112.7101821899414
2026-06-29 03:00:00+00:00,119.85369873046875
2026-06-29 04:00:00+00:00,136.87684631347656
2026-06-29 05:00:00+00:00,135.07225036621094
2026-06-29 06:00:00+00:00,119.71505737304688
2026-06-29 07:00:00+00:00,101.4175033569336
2026-06-29 08:00:00+00:00,81.60038757324219
2026-06-29 09:00:00+00:00,59.50970458984375
2026-06-29 10:00:00+00:00,38.49940490722656
2026-06-29 11:00:00+00:00,30.30382537841797
2026-06-29 12:00:00+00:00,35.08038330078125
2026-06-29 13:00:00+00:00,56.851680755615234
2026-06-29 14:00:00+00:00,84.1833724975586
2026-06-29 15:00:00+00:00,109.00857543945312
2026-06-29 16:00:00+00:00,138.9810028076172
2026-06-29 17:00:00+00:00,207.614501953125
2026-06-29 18:00:00+00:00,323.3669128417969
2026-06-29 19:00:00+00:00,305.56207275390625
2026-06-29 20:00:00+00:00,202.34588623046875
2026-06-29 21:00:00+00:00,155.45794677734375
2026-06-29 22:00:00+00:00,140.58570861816406
2026-06-29 23:00:00+00:00,130.56558227539062
2026-06-30 00:00:00+00:00,134.26272583007812
2026-06-30 01:00:00+00:00,130.97373962402344
2026-06-30 02:00:00+00:00,131.29232788085938
2026-06-30 03:00:00+00:00,138.12217712402344
2026-06-30 04:00:00+00:00,155.7487030029297
2026-06-30 05:00:00+00:00,150.77532958984375
2026-06-30 06:00:00+00:00,133.72686767578125
2026-06-30 07:00:00+00:00,115.80055236816406
2026-06-30 08:00:00+00:00,100.84739685058594
2026-06-30 09:00:00+00:00,84.4927749633789
2026-06-30 10:00:00+00:00,71.64995574951172
2026-06-30 11:00:00+00:00,65.67950439453125
2026-06-30 12:00:00+00:00,69.81114196777344
2026-06-30 13:00:00+00:00,84.27986907958984
2026-06-30 14:00:00+00:00,101.90991973876953
2026-06-30 15:00:00+00:00,119.88143157958984
2026-06-30 16:00:00+00:00,151.63455200195312
2026-06-30 17:00:00+00:00,241.99124145507812
2026-06-30 18:00:00+00:00,370.8509216308594
2026-06-30 19:00:00+00:00,361.8237609863281
2026-06-30 20:00:00+00:00,242.56671142578125
2026-06-30 21:00:00+00:00,173.8145751953125
